                   80
                   40
  -4.65782460288446720316006165727592320E-0002
   4.83819829846299717588611126768849122      
   8.53878658974469537122166100137460455      
   11.3422625679884059932189861923009712      
   13.4661080060518230310618401697800252      
   15.0750818227665328324322541445380264      
   16.2940013808837371699982773974547367      
   17.2174252885482858670849896408788139      
   17.9169888549608227258676440656508847      
   18.4469612537581991090744251939648208      
   18.8484554952713630168357014531341916      
   19.1526177994480023265711170843860319      
   19.3830437874606078533963127956667302      
   19.5576089298943999109508932860990078      
   19.6898552499199999483239975006654255      
   19.7900418559999999719181289492553326      
   19.8659407999999999862176025544613354      
   19.9234399999999999943423034665102022      
   19.9669999999999999984456877655247808      
   20.0000000000000000000000000000000000      
   20.0249999999999999999999999999999988      
   20.0500000000000000000000000000000006      
   20.0749999999999999999999999999999994      
   20.1000000000000000000000000000000012      
   20.1250000000000000000000000000000000      
   20.1499999999999999999999999999999988      
   20.1750000000000000000000000000000006      
   20.1999999999999999999999999999999994      
   20.2250000000000000000000000000000012      
   20.2500000000000000000000000000000000      
   20.2749999999999999999999999999999988      
   20.3000000000000000000000000000000006      
   20.3249999999999999999999999999999994      
   20.3500000000000000000000000000000012      
   20.3750000000000000000000000000000000      
   20.3999999999999999999999999999999988      
   20.4250000000000000000000000000000006      
   20.4499999999999999999999999999999994      
   20.4750000000000000000000000000000012      
   20.5000000000000000000000000000000000      
   20.5249999999999999999999999999999988      
   20.5500000000000000000000000000000006      
   20.5749999999999999999999999999999994      
   20.6000000000000000000000000000000012      
   20.6250000000000000000000000000000000      
   20.6499999999999999999999999999999988      
   20.6750000000000000000000000000000006      
   20.6999999999999999999999999999999994      
   20.7250000000000000000000000000000012      
   20.7500000000000000000000000000000000      
   20.7749999999999999999999999999999988      
   20.8000000000000000000000000000000006      
   20.8249999999999999999999999999999994      
   20.8500000000000000000000000000000012      
   20.8750000000000000000000000000000000      
   20.8999999999999999999999999999999988      
   20.9250000000000000000000000000000006      
   20.9499999999999999999999999999999994      
   20.9750000000000000000000000000000012      
   21.0000000000000000000000000000000000      
   21.0330000000000000015543122344752192      
   21.0765600000000000056576965334897978      
   21.1340592000000000137823974455386646      
   21.2099581440000000280818710507446674      
   21.3101447500800000516760024993345745      
   21.4423910701056000890491067139009922      
   21.6169562125393921466036872043332698      
   21.8473822005519976734288829156139681      
   22.1515445047286369831642985468658084      
   22.5530387462418008909255748060351792      
   23.0830111450391772741323559343491153      
   23.7825747114517141329150103591211861      
   24.7059986191162628300017226025452633      
   25.9249181772334671675677458554619751      
   27.5338919939481769689381598302199748      
   29.6577374320115940067810138076990303      
   32.4612134102553046287783389986253955      
   36.1618017015370028241138887323115119      
   41.0465782460288446720316006165727592      
   47.4944832847580762149816981350477911      
   0.00000000000000000000000000000000000      
   2.50000000000000000000000000000000012E-0002
   5.39999999999999980015985556747182284E-0002
   8.76399999999999933653072048400646694E-0002
  0.126662399999999985298160254387767754      
  0.171928383999999972820972971021548964      
  0.224436925439999954729051410140532347      
  0.285346833510399929545096597394158097      
  0.356002326872063895462811084144066123      
  0.437962699171594090279438289435374347      
  0.533036731039049109715136792340533580      
  0.643322608005296924660703751640519230      
  0.771254225286144381181743191707304231      
  0.919654901331927420519799792228185498      
   1.09179968554503573428938043488276491      
   1.29148763523224136450151856418049221      
   1.52312565686939987958533131139521867      
   1.79182576196850373856632381815036358      
   2.10351788388346419350544800117016506      
   2.46508074530481829631939258868638354      
   2.88449366455358902668165853105256755      
   3.37101265088216304037567168038029284      
   3.93537467502330885737031713477268125      
   4.59003462302703795997123049522763806      
   5.34944016271136366665735456805274381      
   6.23035058874518142570937339917880306      
   7.25220668294440995579320853499780373      
   8.43755975221551496900730951093466576      
   9.81256931256999668958321521635014433      
   11.4075804025811953755384221796934206      
   13.2577932669941857237475636174427629      
   15.4040401897132543797714452631465337      
   17.8936866200673738491966299625437788      
   20.7816764792781522347173233226864084      
   24.1317447159626549310668033867083925      
   28.0178238705166777910409521498314887      
   32.5256756897993439979731169061291155      
   37.7547838001672364376745245650811922      
   43.8205492081939912497338694377759536      
   50.8568370815050263468493353965419171      
