                   50
                   50
   0.0000000000000000     
   0.0000000000000000     
   0.0000000000000000     
   0.0000000000000000     
   0.0000000000000000     
   0.0000000000000000     
   0.0000000000000000     
   0.0000000000000000     
   0.0000000000000000     
   0.0000000000000000     
   0.0000000000000000     
   0.0000000000000000     
   0.0000000000000000     
   0.0000000000000000     
   0.0000000000000000     
   0.0000000000000000     
   0.0000000000000000     
   0.0000000000000000     
   0.0000000000000000     
   0.0000000000000000     
   0.0000000000000000     
   0.0000000000000000     
   0.0000000000000000     
   0.0000000000000000     
   0.0000000000000000     
   0.0000000000000000     
   0.0000000000000000     
   0.0000000000000000     
   0.0000000000000000     
   0.0000000000000000     
   0.0000000000000000     
   0.0000000000000000     
   0.0000000000000000     
   0.0000000000000000     
   0.0000000000000000     
   0.0000000000000000     
   0.0000000000000000     
   0.0000000000000000     
   0.0000000000000000     
   0.0000000000000000     
   0.0000000000000000     
   0.0000000000000000     
   0.0000000000000000     
   0.0000000000000000     
   0.0000000000000000     
   0.0000000000000000     
   0.0000000000000000     
   0.0000000000000000     
   0.0000000000000000     
   0.0000000000000000     
   0.0000000000000000     
   4.5597275616981699E-004
   9.0998599219933418E-004
   1.3600914627665463E-003
   1.8043633010835709E-003
   2.2409087863320605E-003
   2.6678786212068388E-003
   3.0834765826149974E-003
   3.4859684295475051E-003
   3.8736899764633221E-003
   4.2450542671117128E-003
   4.5985578114232026E-003
   4.9327858757755487E-003
   5.2464168434992273E-003
   5.5382256869496360E-003
   5.8070866140040684E-003
   6.0519749697810175E-003
   6.2719684882494393E-003
   6.4662479979118673E-003
   6.6340976907968349E-003
   6.7749050646397730E-003
   6.8881606445693527E-003
   6.9734575831643178E-003
   7.0304912268262425E-003
   7.0590587225089155E-003
   7.0590587225088861E-003
   7.0304912268261913E-003
   6.9734575831642840E-003
   6.8881606445693015E-003
   6.7749050646397496E-003
   6.6340976907968132E-003
   6.4662479979119237E-003
   6.2719684882495156E-003
   6.0519749697810704E-003
   5.8070866140040459E-003
   5.5382256869495917E-003
   5.2464168434992161E-003
   4.9327858757755366E-003
   4.5985578114232087E-003
   4.2450542671116989E-003
   3.8736899764633599E-003
   3.4859684295475073E-003
   3.0834765826150074E-003
   2.6678786212068258E-003
   2.2409087863320158E-003
   1.8043633010835652E-003
   1.3600914627665292E-003
   9.0998599219934567E-004
   4.5597275616982464E-004
   0.0000000000000000     
   0.0000000000000000     
   9.1390503247996903E-004
   1.8238797498609269E-003
   2.7260165577832622E-003
   3.6164529552357113E-003
   4.4913932230377616E-003
   5.3471291158803062E-003
   6.1800592797056223E-003
   6.9867071591117012E-003
   7.7637372091940897E-003
   8.5079692805602597E-003
   9.2163911028054941E-003
   9.8861688481797615E-003
   1.0514655811271784E-002
   1.1099399290295138E-002
   1.1638145799285573E-002
   1.2128844776870680E-002
   1.2569650985304980E-002
   1.2958925812601255E-002
   1.3295237700635626E-002
   1.3577361923192923E-002
   1.3804279930473257E-002
   1.3975178461261771E-002
   1.4089448601631667E-002
   1.4146684940700448E-002
   1.4146684940700451E-002
   1.4089448601631629E-002
   1.3975178461261711E-002
   1.3804279930473191E-002
   1.3577361923192853E-002
   1.3295237700635567E-002
   1.2958925812601217E-002
   1.2569650985304957E-002
   1.2128844776870679E-002
   1.1638145799285604E-002
   1.1099399290295194E-002
   1.0514655811271777E-002
   9.8861688481797928E-003
   9.2163911028055046E-003
   8.5079692805602493E-003
   7.7637372091940724E-003
   6.9867071591116830E-003
   6.1800592797056153E-003
   5.3471291158802862E-003
   4.4913932230377348E-003
   3.6164529552356918E-003
   2.7260165577832644E-003
   1.8238797498609312E-003
   9.1390503247995266E-004
   0.0000000000000000     
   0.0000000000000000     
   1.3757676238890506E-003
   2.7456114169811712E-003
   4.1036420632699008E-003
   5.4440387390382152E-003
   6.7610820347030363E-003
   8.0491853395710244E-003
   9.3029242612155828E-003
   1.0517063717999571E-002
   1.1686582420641104E-002
   1.2806694543129686E-002
   1.3872868471058833E-002
   1.4880842602866325E-002
   1.5826638263112883E-002
   1.6706569863673609E-002
   1.7517252515972508E-002
   1.8255607353111124E-002
   1.8918864863498485E-002
   1.9504566566552615E-002
   2.0010565375951431E-002
   2.0435024997022981E-002
   2.0776418692868930E-002
   2.1033527729777769E-002
   2.1205439777738231E-002
   2.1291547497960851E-002
   2.1291547497960854E-002
   2.1205439777738207E-002
   2.1033527729777707E-002
   2.0776418692868850E-002
   2.0435024997022926E-002
   2.0010565375951358E-002
   1.9504566566552566E-002
   1.8918864863498523E-002
   1.8255607353111145E-002
   1.7517252515972526E-002
   1.6706569863673595E-002
   1.5826638263112872E-002
   1.4880842602866300E-002
   1.3872868471058820E-002
   1.2806694543129696E-002
   1.1686582420641072E-002
   1.0517063717999561E-002
   9.3029242612155619E-003
   8.0491853395710210E-003
   6.7610820347030380E-003
   5.4440387390382585E-003
   4.1036420632698948E-003
   2.7456114169811707E-003
   1.3757676238890582E-003
   0.0000000000000000     
   0.0000000000000000     
   1.8435540460950972E-003
   3.6791562309048372E-003
   5.4989015392768953E-003
   7.2949779029443202E-003
   9.0597108371650477E-003
   1.0785605946485184E-002
   1.2465388707586069E-002
   1.4092041031029916E-002
   1.5658834212240867E-002
   1.7159358000258695E-002
   1.8587545635433769E-002
   1.9937694829113766E-002
   2.1204484774639848E-002
   2.2382989385313867E-002
   2.3468687047819761E-002
   2.4457467256102830E-002
   2.5345634549025314E-002
   2.6129910214159047E-002
   2.6807432239594402E-002
   2.7375753996078708E-002
   2.7832842114201669E-002
   2.8177073987242222E-002
   2.8407235281582569E-002
   2.8522517775443890E-002
   2.8522517775443863E-002
   2.8407235281582524E-002
   2.8177073987242163E-002
   2.7832842114201638E-002
   2.7375753996078691E-002
   2.6807432239594406E-002
   2.6129910214159044E-002
   2.5345634549025300E-002
   2.4457467256102844E-002
   2.3468687047819761E-002
   2.2382989385313905E-002
   2.1204484774639841E-002
   1.9937694829113780E-002
   1.8587545635433779E-002
   1.7159358000258692E-002
   1.5658834212240895E-002
   1.4092041031029925E-002
   1.2465388707586083E-002
   1.0785605946485199E-002
   9.0597108371650928E-003
   7.2949779029443142E-003
   5.4989015392769239E-003
   3.6791562309048623E-003
   1.8435540460951089E-003
   0.0000000000000000     
   0.0000000000000000     
   2.3192923295864360E-003
   4.6285579212662423E-003
   6.9178299599885968E-003
   9.1772604962969927E-003
   1.1397177464527801E-002
   1.3568138901618563E-002
   1.5680983591613559E-002
   1.7726877486293157E-002
   1.9697355397033919E-002
   2.1584357610230410E-002
   2.3380261241303782E-002
   2.5077906303515245E-002
   2.6670616621018845E-002
   2.8152215855122315E-002
   2.9517039033889778E-002
   3.0759940074455112E-002
   3.1876295862340781E-002
   3.2862007501463952E-002
   3.3713499372188496E-002
   3.4427716633495795E-002
   3.5002121780616929E-002
   3.5434690823406785E-002
   3.5723909585905975E-002
   3.5868770546788227E-002
   3.5868770546788276E-002
   3.5723909585905982E-002
   3.5434690823406716E-002
   3.5002121780616804E-002
   3.4427716633495753E-002
   3.3713499372188482E-002
   3.2862007501463938E-002
   3.1876295862340781E-002
   3.0759940074455108E-002
   2.9517039033889792E-002
   2.8152215855122315E-002
   2.6670616621018824E-002
   2.5077906303515210E-002
   2.3380261241303789E-002
   2.1584357610230420E-002
   1.9697355397033912E-002
   1.7726877486293219E-002
   1.5680983591613615E-002
   1.3568138901618601E-002
   1.1397177464527782E-002
   9.1772604962970655E-003
   6.9178299599886028E-003
   4.6285579212662431E-003
   2.3192923295864880E-003
   0.0000000000000000     
   0.0000000000000000     
   2.8050573509844912E-003
   5.5979531645849517E-003
   8.3665998831141588E-003
   1.1099056657727417E-002
   1.3783599623030388E-002
   1.6408788603847708E-002
   1.8963529270956517E-002
   2.1437129925495298E-002
   2.3819352279371118E-002
   2.6100455802325319E-002
   2.8271235416035771E-002
   3.0323052522624513E-002
   3.2247859550797883E-002
   3.4038218380266716E-002
   3.5687313158161878E-002
   3.7188958145487172E-002
   3.8537601324418802E-002
   3.9728324557167516E-002
   4.0756841114199902E-002
   4.1619491385099149E-002
   4.2313237551363361E-002
   4.2835657939861993E-002
   4.3184941691846376E-002
   4.3359884279014917E-002
   4.3359884279014854E-002
   4.3184941691846293E-002
   4.2835657939861868E-002
   4.2313237551363299E-002
   4.1619491385099038E-002
   4.0756841114199784E-002
   3.9728324557167474E-002
   3.8537601324418837E-002
   3.7188958145487214E-002
   3.5687313158161954E-002
   3.4038218380266744E-002
   3.2247859550797911E-002
   3.0323052522624482E-002
   2.8271235416035732E-002
   2.6100455802325284E-002
   2.3819352279371094E-002
   2.1437129925495336E-002
   1.8963529270956608E-002
   1.6408788603847757E-002
   1.3783599623030475E-002
   1.1099056657727407E-002
   8.3665998831142160E-003
   5.5979531645849716E-003
   2.8050573509844474E-003
   0.0000000000000000     
   0.0000000000000000     
   3.3029839097664230E-003
   6.5915975029750048E-003
   9.8515597501557441E-003
   1.3068766628467975E-002
   1.6229375766018787E-002
   1.9319886619785339E-002
   2.2327214962869598E-002
   2.5238760665360405E-002
   2.8042467992629917E-002
   3.0726877903664046E-002
   3.3281172097889361E-002
   3.5695208820149080E-002
   3.7959550679281570E-002
   4.0065484956984830E-002
   4.2005037073004105E-002
   4.3770978024912775E-002
   4.5356826732679843E-002
   4.6756848288587394E-002
   4.7966049142344390E-002
   4.8980170241337453E-002
   4.9795679099875347E-002
   5.0409761692831435E-002
   5.0820314962602545E-002
   5.1025940598410091E-002
   5.1025940598410084E-002
   5.0820314962602586E-002
   5.0409761692831456E-002
   4.9795679099875353E-002
   4.8980170241337419E-002
   4.7966049142344362E-002
   4.6756848288587387E-002
   4.5356826732679885E-002
   4.3770978024912824E-002
   4.2005037073004119E-002
   4.0065484956984816E-002
   3.7959550679281612E-002
   3.5695208820149121E-002
   3.3281172097889368E-002
   3.0726877903664060E-002
   2.8042467992629976E-002
   2.5238760665360505E-002
   2.2327214962869608E-002
   1.9319886619785395E-002
   1.6229375766018801E-002
   1.3068766628468011E-002
   9.8515597501557337E-003
   6.5915975029749501E-003
   3.3029839097664299E-003
   0.0000000000000000     
   0.0000000000000000     
   3.8152807851063158E-003
   7.6138931873928027E-003
   1.1379274986065833E-002
   1.5095074339969971E-002
   1.8745250192791364E-002
   2.2314167146405304E-002
   2.5786683295375951E-002
   2.9148229780446840E-002
   3.2384881122124079E-002
   3.5483415721811414E-002
   3.8431366251708614E-002
   4.1217059980800982E-002
   4.3829649389194508E-002
   4.6259133695386777E-002
   4.8496372151956839E-002
   5.0533090148480002E-002
   5.2361879292800326E-002
   5.3976192722157812E-002
   5.5370336925252804E-002
   5.6539461338030852E-002
   5.7479546913969171E-002
   5.8187394768985899E-002
   5.8660615867322317E-002
   5.8897622553612868E-002
   5.8897622553612847E-002
   5.8660615867322262E-002
   5.8187394768985864E-002
   5.7479546913969178E-002
   5.6539461338030957E-002
   5.5370336925252825E-002
   5.3976192722157833E-002
   5.2361879292800326E-002
   5.0533090148480002E-002
   4.8496372151956839E-002
   4.6259133695386812E-002
   4.3829649389194501E-002
   4.1217059980801010E-002
   3.8431366251708690E-002
   3.5483415721811511E-002
   3.2384881122124176E-002
   2.9148229780446913E-002
   2.5786683295376100E-002
   2.2314167146405356E-002
   1.8745250192791430E-002
   1.5095074339969995E-002
   1.1379274986065850E-002
   7.6138931873928548E-003
   3.8152807851063080E-003
   0.0000000000000000     
   0.0000000000000000     
   4.3442460432658444E-003
   8.6694194754241682E-003
   1.2956572666744782E-002
   1.7187005552554719E-002
   2.1342383518771477E-002
   2.5404848477668517E-002
   2.9357121291782255E-002
   3.3182594038926906E-002
   3.6865410993608169E-002
   4.0390537609748971E-002
   4.3743817206332636E-002
   4.6912015462151721E-002
   4.9882853201308530E-002
   5.2645028283411027E-002
   5.5188227690956541E-002
   5.7503131124250151E-002
   5.9581407567883715E-002
   6.1415706381990731E-002
   6.2999644498478058E-002
   6.4327791271564155E-002
   6.5395652448984681E-002
   6.6199654601820673E-002
   6.6737131184087875E-002
   6.7006311195106166E-002
   6.7006311195106152E-002
   6.6737131184087806E-002
   6.6199654601820673E-002
   6.5395652448984765E-002
   6.4327791271564183E-002
   6.2999644498478113E-002
   6.1415706381990585E-002
   5.9581407567883674E-002
   5.7503131124250130E-002
   5.5188227690956583E-002
   5.2645028283411076E-002
   4.9882853201308620E-002
   4.6912015462151777E-002
   4.3743817206332684E-002
   4.0390537609748922E-002
   3.6865410993608100E-002
   3.3182594038926913E-002
   2.9357121291782244E-002
   2.5404848477668517E-002
   2.1342383518771473E-002
   1.7187005552554799E-002
   1.2956572666744827E-002
   8.6694194754241803E-003
   4.3442460432658947E-003
   0.0000000000000000     
   0.0000000000000000     
   4.8922839125331123E-003
   9.7629660042931662E-003
   1.4590590652934407E-002
   1.9353991684732841E-002
   2.4032429852071196E-002
   2.8605721953714996E-002
   3.3054359355157603E-002
   3.7359614089870416E-002
   4.1503631203632686E-002
   4.5469506517243505E-002
   4.9241349501721342E-002
   5.2804331460164694E-002
   5.6144719670477072E-002
   5.9249898545992191E-002
   6.2108379204208239E-002
   6.4709799089680331E-002
   6.7044913472493570E-002
   6.9105580739443020E-002
   7.0884743415104839E-002
   7.2376406800762960E-002
   7.3575617008584754E-002
   7.4478440005224064E-002
   7.5081943072102253E-002
   7.5384179847617847E-002
   7.5384179847617902E-002
   7.5081943072102253E-002
   7.4478440005224189E-002
   7.3575617008584726E-002
   7.2376406800762946E-002
   7.0884743415104826E-002
   6.9105580739443090E-002
   6.7044913472493514E-002
   6.4709799089680192E-002
   6.2108379204208176E-002
   5.9249898545992163E-002
   5.6144719670477010E-002
   5.2804331460164701E-002
   4.9241349501721328E-002
   4.5469506517243567E-002
   4.1503631203632728E-002
   3.7359614089870395E-002
   3.3054359355157610E-002
   2.8605721953714955E-002
   2.4032429852071168E-002
   1.9353991684732737E-002
   1.4590590652934410E-002
   9.7629660042931436E-003
   4.8922839125330846E-003
   0.0000000000000000     
   0.0000000000000000     
   5.4619236025733433E-003
   1.0899569976281002E-002
   1.6288832255966990E-002
   2.1605940681370752E-002
   2.6827622251065539E-002
   3.1931250129962604E-002
   3.6894980085262846E-002
   4.1697871761764364E-002
   4.6319993213808627E-002
   5.0742507753871138E-002
   5.4947742823144574E-002
   5.8919241206308696E-002
   6.2641795474442707E-002
   6.6101467025872579E-002
   6.9285591490203802E-002
   7.2182772557769226E-002
   7.4782866492967129E-002
   7.7076959688183205E-002
   7.9057341621735097E-002
   8.0717475507798106E-002
   8.2051968779367115E-002
   8.3056545338388757E-002
   8.3728021251479240E-002
   8.4064285275645106E-002
   8.4064285275645009E-002
   8.3728021251479282E-002
   8.3056545338388812E-002
   8.2051968779367143E-002
   8.0717475507798106E-002
   7.9057341621735153E-002
   7.7076959688183233E-002
   7.4782866492967115E-002
   7.2182772557769170E-002
   6.9285591490203746E-002
   6.6101467025872551E-002
   6.2641795474442735E-002
   5.8919241206308724E-002
   5.4947742823144644E-002
   5.0742507753871194E-002
   4.6319993213808641E-002
   4.1697871761764413E-002
   3.6894980085262888E-002
   3.1931250129962667E-002
   2.6827622251065570E-002
   2.1605940681370749E-002
   1.6288832255966966E-002
   1.0899569976280969E-002
   5.4619236025733667E-003
   0.0000000000000000     
   0.0000000000000000     
   6.0558405214793812E-003
   1.2084558042290409E-002
   1.8059227713281729E-002
   2.3953316533717628E-002
   2.9740868340857596E-002
   3.5396676229807134E-002
   4.0896439094166764E-002
   4.6216899658115713E-002
   5.1335962135966293E-002
   5.6232788461287854E-002
   6.0887872830677120E-002
   6.5283095067482838E-002
   6.9401753995112586E-002
   7.3228582592851518E-002
   7.6749747172965191E-002
   7.9952833158225586E-002
   8.2826820253422612E-002
   8.5362049898587616E-002
   8.7550187875854266E-002
   8.9384184829327182E-002
   9.0858237262696873E-002
   9.1967751317484692E-002
   9.2709311319780788E-002
   9.3080654727838316E-002
   9.3080654727838330E-002
   9.2709311319780788E-002
   9.1967751317484803E-002
   9.0858237262696998E-002
   8.9384184829327223E-002
   8.7550187875854418E-002
   8.5362049898587700E-002
   8.2826820253422598E-002
   7.9952833158225503E-002
   7.6749747172965066E-002
   7.3228582592851449E-002
   6.9401753995112558E-002
   6.5283095067482894E-002
   6.0887872830677175E-002
   5.6232788461287903E-002
   5.1335962135966327E-002
   4.6216899658115734E-002
   4.0896439094166820E-002
   3.5396676229807134E-002
   2.9740868340857634E-002
   2.3953316533717635E-002
   1.8059227713281670E-002
   1.2084558042290387E-002
   6.0558405214793300E-003
   0.0000000000000000     
   0.0000000000000000     
   6.6768804410536342E-003
   1.3323593958119597E-002
   1.9910204021151758E-002
   2.6407229399360535E-002
   3.2785858348840159E-002
   3.9018147354241459E-002
   4.5077200403481392E-002
   5.0937325640565315E-002
   5.6574167210652990E-002
   6.1964811124637011E-002
   6.7087864970793290E-002
   7.1923512237832957E-002
   7.6453542845673156E-002
   8.0661362177455870E-002
   8.4531981450579552E-002
   8.8051992648745317E-002
   9.1209531463910171E-002
   9.3994231776890258E-002
   9.6397175153767403E-002
   9.8410838670959289E-002
  0.10002904412460870     
  0.10124691134907238     
  0.10206081798232090     
  0.10246836758808890     
  0.10246836758808890     
  0.10206081798232090     
  0.10124691134907240     
  0.10002904412460875     
   9.8410838670959302E-002
   9.6397175153767389E-002
   9.3994231776890355E-002
   9.1209531463910143E-002
   8.8051992648745275E-002
   8.4531981450579621E-002
   8.0661362177455800E-002
   7.6453542845673142E-002
   7.1923512237832957E-002
   6.7087864970793248E-002
   6.1964811124636934E-002
   5.6574167210653024E-002
   5.0937325640565370E-002
   4.5077200403481427E-002
   3.9018147354241466E-002
   3.2785858348840138E-002
   2.6407229399360486E-002
   1.9910204021151765E-002
   1.3323593958119568E-002
   6.6768804410535657E-003
   0.0000000000000000     
   0.0000000000000000     
   7.3280872846154844E-003
   1.4622733327982518E-002
   2.1850765013845336E-002
   2.8979538693732574E-002
   3.5977188300901040E-002
   4.2812854434837115E-002
   4.9456889524952030E-002
   5.5881035290011358E-002
   6.2058569941443410E-002
   6.7964423855813777E-002
   7.3575263690025886E-002
   7.8869546067382668E-002
   8.3827542972291461E-002
   8.8431341820718892E-002
   9.2664823803152066E-002
   9.6513624522265959E-002
   9.9965081176582510E-002
  0.10300817059129622     
  0.10563344229136547     
  0.10783295057613412     
  0.10960018921570618     
  0.11093003197187519     
  0.11181868167234166     
  0.11226363005410750     
  0.11226363005410744     
  0.11181868167234164     
  0.11093003197187518     
  0.10960018921570620     
  0.10783295057613423     
  0.10563344229136551     
  0.10300817059129612     
   9.9965081176582316E-002
   9.6513624522265903E-002
   9.2664823803152135E-002
   8.8431341820718865E-002
   8.3827542972291391E-002
   7.8869546067382584E-002
   7.3575263690025802E-002
   6.7964423855813680E-002
   6.2058569941443348E-002
   5.5881035290011309E-002
   4.9456889524952079E-002
   4.2812854434837115E-002
   3.5977188300901027E-002
   2.8979538693732584E-002
   2.1850765013845339E-002
   1.4622733327982567E-002
   7.3280872846154836E-003
   0.0000000000000000     
   0.0000000000000000     
   8.0127353694258024E-003
   1.5988487055349832E-002
   2.3890584012514406E-002
   3.1682972060823295E-002
   3.9330501726194206E-002
   4.6799192559254028E-002
   5.4056467971478533E-002
   6.1071356053084426E-002
   6.7814653409295600E-002
   7.4259050667148649E-002
   8.0379219866113918E-002
   8.6151865369380326E-002
   9.1555741155390835E-002
   9.6571638329976256E-002
  0.10118234741904414     
  0.10537260046058392     
  0.10912899812885715     
  0.11243992712034651     
  0.11529547284426439     
  0.11768733212650531     
  0.11960873019020661     
  0.12105434565038056     
  0.12202024668106295     
  0.12250384090189187     
  0.12250384090189188     
  0.12202024668106298     
  0.12105434565038048     
  0.11960873019020668     
  0.11768733212650542     
  0.11529547284426445     
  0.11243992712034638     
  0.10912899812885712     
  0.10537260046058382     
  0.10118234741904401     
   9.6571638329976187E-002
   9.1555741155390669E-002
   8.6151865369380132E-002
   8.0379219866113794E-002
   7.4259050667148552E-002
   6.7814653409295489E-002
   6.1071356053084391E-002
   5.4056467971478457E-002
   4.6799192559253966E-002
   3.9330501726194261E-002
   3.1682972060823308E-002
   2.3890584012514374E-002
   1.5988487055349845E-002
   8.0127353694259013E-003
   0.0000000000000000     
   0.0000000000000000     
   8.7343671377381766E-003
   1.7427895511476655E-002
   2.6040111920039039E-002
   3.4531263810852177E-002
   4.2862653983798710E-002
   5.0996946104506113E-002
   5.8898433748623517E-002
   6.6533267541552379E-002
   7.3869636975505637E-002
   8.0877905537371439E-002
   8.7530699737900869E-002
   9.3802954388633938E-002
   9.9671917949915423E-002
  0.10511712292475128     
  0.11012032708246404     
  0.11466543177216859     
  0.11873838375791601     
  0.12232706691696801     
  0.12542118983884032     
  0.12801217489541655     
  0.13009305376823438     
  0.13165837375837725     
  0.13270411849963809     
  0.13322764597050496     
  0.13322764597050502     
  0.13270411849963804     
  0.13165837375837747     
  0.13009305376823438     
  0.12801217489541655     
  0.12542118983884032     
  0.12232706691696796     
  0.11873838375791598     
  0.11466543177216852     
  0.11012032708246401     
  0.10511712292475106     
   9.9671917949915104E-002
   9.3802954388633814E-002
   8.7530699737900744E-002
   8.0877905537371439E-002
   7.3869636975505581E-002
   6.6533267541552338E-002
   5.8898433748623476E-002
   5.0996946104506065E-002
   4.2862653983798592E-002
   3.4531263810852114E-002
   2.6040111920039053E-002
   1.7427895511476596E-002
   8.7343671377381662E-003
   0.0000000000000000     
   0.0000000000000000     
   9.4968376700500616E-003
   1.8948615932779370E-002
   2.8310704345313180E-002
   3.7539317278747653E-002
   4.6591904293642177E-002
   5.5427504126348226E-002
   6.4007053376956974E-002
   7.2293643388995757E-002
   8.0252721413803296E-002
   8.7852234768930698E-002
   9.5062719159483833E-002
  0.10185733449733932     
  0.10821185333088526     
  0.11410460833664919     
  0.11951640621389249     
  0.12443041578771007     
  0.12883203821367001     
  0.13270876695076939     
  0.13605004469871243     
  0.13884712384808601     
  0.14109293622893698     
  0.14278197711525656     
  0.14391020758860670     
  0.14447497850998517     
  0.14447497850998509     
  0.14391020758860673     
  0.14278197711525636     
  0.14109293622893682     
  0.13884712384808579     
  0.13605004469871224     
  0.13270876695076933     
  0.12883203821367006     
  0.12443041578771008     
  0.11951640621389255     
  0.11410460833664926     
  0.10821185333088518     
  0.10185733449733927     
   9.5062719159483902E-002
   8.7852234768930712E-002
   8.0252721413803282E-002
   7.2293643388995646E-002
   6.4007053376956891E-002
   5.5427504126348115E-002
   4.6591904293642072E-002
   3.7539317278747555E-002
   2.8310704345313072E-002
   1.8948615932779380E-002
   9.4968376700500078E-003
   0.0000000000000000     
   0.0000000000000000     
   1.0304367609682733E-002
   2.0559026204277658E-002
   3.0714772249686502E-002
   4.0723396665182980E-002
   5.0538141785674104E-002
   6.0114112730287585E-002
   6.9408632243860582E-002
   7.8381531223670350E-002
   8.6995370521781162E-002
   9.5215592965064086E-002
  0.10301060763376467     
  0.11035181111035411     
  0.11721355253963690     
  0.12357305087706792     
  0.12941027364874669     
  0.13470778695110935     
  0.13945058635828494     
  0.14362591797372695     
  0.14722309815715384     
  0.15023333956927812     
  0.15264959018417121     
  0.15446639088510469     
  0.15567975622954738     
  0.15628708197084357     
  0.15628708197084357     
  0.15567975622954736     
  0.15446639088510472     
  0.15264959018417115     
  0.15023333956927815     
  0.14722309815715387     
  0.14362591797372698     
  0.13945058635828492     
  0.13470778695110941     
  0.12941027364874672     
  0.12357305087706803     
  0.11721355253963697     
  0.11035181111035405     
  0.10301060763376461     
   9.5215592965064128E-002
   8.6995370521781121E-002
   7.8381531223670406E-002
   6.9408632243860457E-002
   6.0114112730287488E-002
   5.0538141785673986E-002
   4.0723396665182869E-002
   3.0714772249686467E-002
   2.0559026204277638E-002
   1.0304367609682594E-002
   0.0000000000000000     
   0.0000000000000000     
   1.1161606564402951E-002
   2.2268349024962088E-002
   3.3265961783972169E-002
   4.4101355346623676E-002
   5.4723153453583660E-002
   6.5082172765267510E-002
   7.5131831644527150E-002
   8.4828478740044178E-002
   9.4131636484586792E-002
  0.10300415893578013     
  0.11141230730015649     
  0.11932574977067542     
  0.12671749484024047     
  0.13356376898323907     
  0.13984385055291670     
  0.14553987200969579     
  0.15063660229463310     
  0.15512122042869977     
  0.15898309038689795     
  0.16221354608770144     
  0.16480569405336490     
  0.16675424001144398     
  0.16805534447363457     
  0.16870651117299812     
  0.16870651117299820     
  0.16805534447363460     
  0.16675424001144418     
  0.16480569405336482     
  0.16221354608770122     
  0.15898309038689801     
  0.15512122042869989     
  0.15063660229463333     
  0.14553987200969584     
  0.13984385055291687     
  0.13356376898323907     
  0.12671749484024059     
  0.11932574977067545     
  0.11141230730015649     
  0.10300415893578004     
   9.4131636484586750E-002
   8.4828478740044108E-002
   7.5131831644527095E-002
   6.5082172765267426E-002
   5.4723153453583570E-002
   4.4101355346623725E-002
   3.3265961783972217E-002
   2.2268349024962060E-002
   1.1161606564403041E-002
   0.0000000000000000     
   0.0000000000000000     
   1.2073709622967216E-002
   2.4086801547195513E-002
   3.5979370514616332E-002
   4.7692909483756117E-002
   5.9170943916769164E-002
   7.0359593232671477E-002
   8.1208042828936289E-002
   9.1668915607392293E-002
  0.10169853774074172     
  0.11125709899331264     
  0.12030871286040587     
  0.12882138583195063     
  0.13676690806741074     
  0.14412067966273112     
  0.15086148756998549     
  0.15697124824012323     
  0.16243473038185205     
  0.16723927105954123     
  0.17137449687403719     
  0.17483206034126425     
  0.17760539993014277     
  0.17968953063367207     
  0.18108087048054838     
  0.18177710707451625     
  0.18177710707451616     
  0.18108087048054852     
  0.17968953063367210     
  0.17760539993014257     
  0.17483206034126422     
  0.17137449687403730     
  0.16723927105954114     
  0.16243473038185235     
  0.15697124824012351     
  0.15086148756998546     
  0.14412067966273112     
  0.13676690806741068     
  0.12882138583195063     
  0.12030871286040597     
  0.11125709899331274     
  0.10169853774074171     
   9.1668915607392293E-002
   8.1208042828936358E-002
   7.0359593232671505E-002
   5.9170943916769143E-002
   4.7692909483756145E-002
   3.5979370514616242E-002
   2.4086801547195544E-002
   1.2073709622967180E-002
   0.0000000000000000     
   0.0000000000000000     
   1.3046430380270422E-002
   2.6025777026236537E-002
   3.8871809243541465E-002
   5.1519968157015407E-002
   6.3908119497065263E-002
   7.5977213419713224E-002
   8.7671830831154499E-002
   9.8940603119846912E-002
  0.10973649987767534     
  0.12001698643632325     
  0.12974405931620370     
  0.13888417262931069     
  0.14740807193472047     
  0.15529055403028896     
  0.16251017182417071     
  0.16904890299896055     
  0.17489179993311132     
  0.18002663655357518     
  0.18444356570844520     
  0.18813479847317588     
  0.19109431469226965     
  0.19331761211255333     
  0.19480149974037125     
  0.19554393957000230     
  0.19554393957000205     
  0.19480149974037106     
  0.19331761211255324     
  0.19109431469226959     
  0.18813479847317574     
  0.18444356570844525     
  0.18002663655357537     
  0.17489179993311135     
  0.16904890299896061     
  0.16251017182417080     
  0.15529055403028921     
  0.14740807193472058     
  0.13888417262931060     
  0.12974405931620359     
  0.12001698643632309     
  0.10973649987767525     
   9.8940603119846926E-002
   8.7671830831154415E-002
   7.5977213419713252E-002
   6.3908119497065347E-002
   5.1519968157015435E-002
   3.8871809243541409E-002
   2.6025777026236412E-002
   1.3046430380270375E-002
   0.0000000000000000     
   0.0000000000000000     
   1.4086234871877837E-002
   2.8098066933938726E-002
   4.1962121276297615E-002
   5.5607034403698782E-002
   6.8964352494763459E-002
   8.1969310117961658E-002
   9.4561463956121278E-002
  0.10668516616316584     
  0.11828987221378914     
  0.12933028755810089     
  0.13976636533877507     
  0.14956317343436776     
  0.15869065301187171     
  0.16712329269953424     
  0.17483974269744759     
  0.18182239199843644     
  0.18805692979805702     
  0.19353190951320373     
  0.19823833093299278     
  0.20216925315072412     
  0.20531944825320678     
  0.20768510338390039     
  0.20926357679838078     
  0.21005321189511883     
  0.21005321189511905     
  0.20926357679838065     
  0.20768510338390025     
  0.20531944825320692     
  0.20216925315072409     
  0.19823833093299278     
  0.19353190951320362     
  0.18805692979805697     
  0.18182239199843631     
  0.17483974269744745     
  0.16712329269953405     
  0.15869065301187155     
  0.14956317343436776     
  0.13976636533877498     
  0.12933028755810094     
  0.11828987221378912     
  0.10668516616316569     
   9.4561463956121194E-002
   8.1969310117961616E-002
   6.8964352494763320E-002
   5.5607034403698845E-002
   4.1962121276297684E-002
   2.8098066933938771E-002
   1.4086234871877852E-002
   0.0000000000000000     
   0.0000000000000000     
   1.5200442173302249E-002
   3.0318134561342799E-002
   4.5271574524011406E-002
   5.9981695686719030E-002
   7.4372945960327744E-002
   8.8374210601248948E-002
  0.10191954871220328     
  0.11494872536290544     
  0.12740753525621468     
  0.13924792624351659     
  0.15042794104642784     
  0.16091150275751395     
  0.17066807397886408     
  0.17967222105852793     
  0.18790311426764938     
  0.19534399249928086     
  0.20198161774747667     
  0.20780574076818886     
  0.21280859535959828     
  0.21698443494352015     
  0.22032912178593372     
  0.22283977637146024     
  0.22451449217413197     
  0.22535211931697416     
  0.22535211931697435     
  0.22451449217413208     
  0.22283977637146024     
  0.22032912178593364     
  0.21698443494352029     
  0.21280859535959826     
  0.20780574076818906     
  0.20198161774747672     
  0.19534399249928064     
  0.18790311426764916     
  0.17967222105852790     
  0.17066807397886413     
  0.16091150275751398     
  0.15042794104642784     
  0.13924792624351659     
  0.12740753525621465     
  0.11494872536290551     
  0.10191954871220316     
   8.8374210601248823E-002
   7.4372945960327688E-002
   5.9981695686719003E-002
   4.5271574524011475E-002
   3.0318134561342733E-002
   1.5200442173302206E-002
   0.0000000000000000     
   0.0000000000000000     
   1.6397399259988267E-002
   3.2702454614118567E-002
   4.8824346571686383E-002
   6.4675227858838030E-002
   8.0171525058579510E-002
   9.5235037614502679E-002
  0.10979379492853715     
  0.12378265132003878     
  0.13714361720464707     
  0.14982594111332287     
  0.16178596984590571     
  0.17298682257039613     
  0.18339791908754288     
  0.19299440328806458     
  0.20175650081534072     
  0.20966884598356034     
  0.21671980792438000     
  0.22290084045247821     
  0.22820587479369092     
  0.23263076947782543     
  0.23617282757554672     
  0.23883038814187507     
  0.24060249620971280     
  0.24148865388167176     
  0.24148865388167184     
  0.24060249620971313     
  0.23883038814187535     
  0.23617282757554686     
  0.23263076947782516     
  0.22820587479369076     
  0.22290084045247810     
  0.21671980792437981     
  0.20966884598356034     
  0.20175650081534058     
  0.19299440328806444     
  0.18339791908754252     
  0.17298682257039594     
  0.16178596984590579     
  0.14982594111332292     
  0.13714361720464716     
  0.12378265132003871     
  0.10979379492853719     
   9.5235037614502707E-002
   8.0171525058579537E-002
   6.4675227858838155E-002
   4.8824346571686550E-002
   3.2702454614118817E-002
   1.6397399259988350E-002
   0.0000000000000000     
   0.0000000000000000     
   1.7686700252532134E-002
   3.5269938063457212E-002
   5.2648129289777683E-002
   6.9723344118367309E-002
   8.6402888800649585E-002
  0.10260061986964537     
  0.11823794206740397     
  0.13324446778406523     
  0.14755834112901237     
  0.16112625115922258     
  0.17390317465347607     
  0.18585189859062173     
  0.19694237651284641     
  0.20715097219084694     
  0.21645963972208840     
  0.22485508269524021     
  0.23232792751400486     
  0.23887193832365242     
  0.24448329388486167     
  0.24915994059854280     
  0.25290103089655325     
  0.25570645241078083     
  0.25757645064117263     
  0.25851134611832838     
  0.25851134611832849     
  0.25757645064117252     
  0.25570645241078094     
  0.25290103089655325     
  0.24915994059854285     
  0.24448329388486187     
  0.23887193832365228     
  0.23232792751400477     
  0.22485508269524018     
  0.21645963972208826     
  0.20715097219084674     
  0.19694237651284638     
  0.18585189859062187     
  0.17390317465347599     
  0.16112625115922227     
  0.14755834112901225     
  0.13324446778406521     
  0.11823794206740394     
  0.10260061986964530     
   8.6402888800649641E-002
   6.9723344118367295E-002
   5.2648129289777620E-002
   3.5269938063457226E-002
   1.7686700252532071E-002
   0.0000000000000000     
   0.0000000000000000     
   1.9079463686682990E-002
   3.8042468097400473E-002
   5.6774888405599321E-002
   7.5167130524203818E-002
   9.3116066156006316E-002
  0.11052661099602498     
  0.12731288568736823     
  0.14339893661980599     
  0.15871902836811472     
  0.17321754774107789     
  0.18684857901815441     
  0.19957522062576849     
  0.21136871618237429     
  0.22220746924038806     
  0.23207600318692581     
  0.24096391756130739     
  0.24886488111274652     
  0.25577569144326484     
  0.26169542182356076     
  0.26662466813493135     
  0.27056490300134267     
  0.27351793996352275     
  0.27548550782586811     
  0.27646893383214044     
  0.27646893383214066     
  0.27548550782586811     
  0.27351793996352297     
  0.27056490300134284     
  0.26662466813493146     
  0.26169542182356076     
  0.25577569144326462     
  0.24886488111274649     
  0.24096391756130731     
  0.23207600318692551     
  0.22220746924038795     
  0.21136871618237407     
  0.19957522062576832     
  0.18684857901815444     
  0.17321754774107787     
  0.15871902836811461     
  0.14339893661980579     
  0.12731288568736793     
  0.11052661099602487     
   9.3116066156006302E-002
   7.5167130524203915E-002
   5.6774888405599390E-002
   3.8042468097400431E-002
   1.9079463686682927E-002
   0.0000000000000000     
   0.0000000000000000     
   2.0588686396799446E-002
   4.1045582233862149E-002
   6.1241825711015468E-002
   8.1054223416842763E-002
  0.10036763430314677     
  0.11907687227108021     
  0.13708805306623764     
  0.15431936463967541     
  0.17070128798256248     
  0.18617633241882045     
  0.20069837305229532     
  0.21423168871192330     
  0.22674979835049447     
  0.23823418540140545     
  0.24867298622391901     
  0.25805970325031735     
  0.26639198793240970     
  0.27367052451309903     
  0.27989803383118550     
  0.28507840711627930     
  0.28921597301036311     
  0.29231489661609983     
  0.29437870686663647     
  0.29540994755222499     
  0.29540994755222488     
  0.29437870686663642     
  0.29231489661609977     
  0.28921597301036306     
  0.28507840711627930     
  0.27989803383118561     
  0.27367052451309898     
  0.26639198793240915     
  0.25805970325031669     
  0.24867298622391878     
  0.23823418540140540     
  0.22674979835049430     
  0.21423168871192308     
  0.20069837305229513     
  0.18617633241882039     
  0.17070128798256248     
  0.15431936463967547     
  0.13708805306623756     
  0.11907687227108002     
  0.10036763430314671     
   8.1054223416842722E-002
   6.1241825711015600E-002
   4.1045582233862093E-002
   2.0588686396799439E-002
   0.0000000000000000     
   0.0000000000000000     
   2.2229699666652551E-002
   4.4309348730233365E-002
   6.6092608787758342E-002
   8.7440303129004582E-002
  0.10822337536865788     
  0.12832519071891083     
  0.14764308966682679     
  0.16608918089009619     
  0.18359042650363913     
  0.20008812089934624     
  0.21553689206028268     
  0.22990336281913487     
  0.24316460310627414     
  0.25530648779082055     
  0.26632205305702761     
  0.27620992128363270     
  0.28497284285347491     
  0.29261638484553665     
  0.29914778187180324     
  0.30457495348863733     
  0.30890568530773038     
  0.31214696662387703     
  0.31430447547235263     
  0.31538220195789768     
  0.31538220195789790     
  0.31430447547235285     
  0.31214696662387703     
  0.30890568530773044     
  0.30457495348863717     
  0.29914778187180280     
  0.29261638484553631     
  0.28497284285347468     
  0.27620992128363264     
  0.26632205305702727     
  0.25530648779082032     
  0.24316460310627411     
  0.22990336281913493     
  0.21553689206028273     
  0.20008812089934602     
  0.18359042650363919     
  0.16608918089009606     
  0.14764308966682688     
  0.12832519071891085     
  0.10822337536865757     
   8.7440303129004471E-002
   6.6092608787758189E-002
   4.4309348730233220E-002
   2.2229699666652471E-002
   0.0000000000000000     
   0.0000000000000000     
   2.4020763539577619E-002
   4.7869504232660197E-002
   7.1378957580779875E-002
   9.4391004942759288E-002
  0.11676037332356876     
  0.13835742556907904     
  0.15906993399206243     
  0.17880384275024275     
  0.19748311624255241     
  0.21504883261464186     
  0.23145771147035490     
  0.24668026739805995     
  0.26069876346464693     
  0.27350510959857477     
  0.28509881692973782     
  0.29548508597371131     
  0.30467307735232096     
  0.31267439014376952     
  0.31950175532185265     
  0.32516793965873597     
  0.32968484810804455     
  0.33306280909932462     
  0.33531002644099994     
  0.33643218284911586     
  0.33643218284911619     
  0.33531002644100005     
  0.33306280909932484     
  0.32968484810804477     
  0.32516793965873597     
  0.31950175532185265     
  0.31267439014376941     
  0.30467307735232063     
  0.29548508597371137     
  0.28509881692973787     
  0.27350510959857466     
  0.26069876346464682     
  0.24668026739805948     
  0.23145771147035488     
  0.21504883261464183     
  0.19748311624255213     
  0.17880384275024266     
  0.15906993399206240     
  0.13835742556907885     
  0.11676037332356892     
   9.4391004942759357E-002
   7.1378957580779737E-002
   4.7869504232660218E-002
   2.4020763539577529E-002
   0.0000000000000000     
   0.0000000000000000     
   2.5983850258997240E-002
   5.1768947080050302E-002
   7.7162712359941127E-002
  0.10198438573768408     
  0.12606968741377972     
  0.14927420424177354     
  0.17147537798210144     
  0.19257313987626054     
  0.21248936310168501     
  0.23116638184631452     
  0.24856485380843524     
  0.26466123183810208     
  0.27944507375567879     
  0.29291637020909411     
  0.30508301908963759     
  0.31595852832915422     
  0.32555999043832773     
  0.33390634305536826     
  0.34101690961310199     
  0.34691020171640891     
  0.35160295836638711     
  0.35510939522437773     
  0.35744063834320661     
  0.35860432014844945     
  0.35860432014844934     
  0.35744063834320655     
  0.35510939522437779     
  0.35160295836638711     
  0.34691020171640896     
  0.34101690961310188     
  0.33390634305536793     
  0.32555999043832740     
  0.31595852832915372     
  0.30508301908963720     
  0.29291637020909417     
  0.27944507375567867     
  0.26466123183810208     
  0.24856485380843493     
  0.23116638184631438     
  0.21248936310168498     
  0.19257313987626040     
  0.17147537798210163     
  0.14927420424177365     
  0.12606968741377966     
  0.10198438573768405     
   7.7162712359941238E-002
   5.1768947080050226E-002
   2.5983850258997500E-002
   0.0000000000000000     
   0.0000000000000000     
   2.8145690416361724E-002
   5.6059721468602296E-002
   8.3518559041250759E-002
  0.11031413823425594     
  0.13625978635209163     
  0.16119432600213390     
  0.18498423381830983     
  0.20752397567101244     
  0.22873481444161303     
  0.24856247786049573     
  0.26697409007896861     
  0.28395473239023566     
  0.29950392951087179     
  0.31363227839248570     
  0.32635836089056375     
  0.33770601781493986     
  0.34770201301646775     
  0.35637408202627319     
  0.36374933835877871     
  0.36985299922741155     
  0.37470738841671702     
  0.37833117508859276     
  0.38073881155899897     
  0.38194013925302617     
  0.38194013925302633     
  0.38073881155899886     
  0.37833117508859265     
  0.37470738841671708     
  0.36985299922741138     
  0.36374933835877821     
  0.35637408202627308     
  0.34770201301646753     
  0.33770601781493959     
  0.32635836089056364     
  0.31363227839248586     
  0.29950392951087185     
  0.28395473239023566     
  0.26697409007896866     
  0.24856247786049562     
  0.22873481444161289     
  0.20752397567101241     
  0.18498423381831008     
  0.16119432600213413     
  0.13625978635209185     
  0.11031413823425602     
   8.3518559041250842E-002
   5.6059721468602372E-002
   2.8145690416361842E-002
   0.0000000000000000     
   0.0000000000000000     
   3.0539189937847180E-002
   6.0805689336746016E-002
   9.0537664102203694E-002
  0.11949382180599741     
  0.14746099375819746     
  0.17425907959636097     
  0.19974325561799142     
  0.22380371454786616     
  0.24636344113325878     
  0.26737462507508664     
  0.28681429625670829     
  0.30467967813299973     
  0.32098363350508730     
  0.33575045295941314     
  0.34901212826519173     
  0.36080516902357318     
  0.37116796178632994     
  0.38013863367447842     
  0.38775336256832704     
  0.39404506841774101     
  0.39904242098447706     
  0.40276910515427733     
  0.40524329355117022     
  0.40647728605163042     
  0.40647728605163030     
  0.40524329355117022     
  0.40276910515427716     
  0.39904242098447690     
  0.39404506841774101     
  0.38775336256832660     
  0.38013863367447820     
  0.37116796178632983     
  0.36080516902357335     
  0.34901212826519151     
  0.33575045295941303     
  0.32098363350508691     
  0.30467967813299945     
  0.28681429625670823     
  0.26737462507508669     
  0.24636344113325867     
  0.22380371454786624     
  0.19974325561799169     
  0.17425907959636078     
  0.14746099375819738     
  0.11949382180599739     
   9.0537664102203610E-002
   6.0805689336746162E-002
   3.0539189937847159E-002
   0.0000000000000000     
   0.0000000000000000     
   3.3205379998280944E-002
   6.6086181838331703E-002
   9.8332586224820204E-002
  0.12966249112933281     
  0.15983128727834006     
  0.18863774300711983     
  0.21592599450942929     
  0.24158418576920254     
  0.26554061046846844     
  0.28775828504988354     
  0.30822879173977863     
  0.32696605037996768     
  0.34400047341706408     
  0.35937377167488838     
  0.37313453018721704     
  0.38533456822783152     
  0.39602603143080062     
  0.40525912831698313     
  0.41308040982230992     
  0.41953149089074915     
  0.42464812194917301     
  0.42845953099286938     
  0.43098797143977408     
  0.43224842535069469     
  0.43224842535069480     
  0.43098797143977396     
  0.42845953099286954     
  0.42464812194917279     
  0.41953149089074881     
  0.41308040982231015     
  0.40525912831698307     
  0.39602603143080073     
  0.38533456822783119     
  0.37313453018721654     
  0.35937377167488832     
  0.34400047341706380     
  0.32696605037996745     
  0.30822879173977841     
  0.28775828504988377     
  0.26554061046846866     
  0.24158418576920251     
  0.21592599450942951     
  0.18863774300712000     
  0.15983128727833967     
  0.12966249112933281     
   9.8332586224820204E-002
   6.6086181838331676E-002
   3.3205379998280944E-002
   0.0000000000000000     
   0.0000000000000000     
   3.6196148216945064E-002
   7.2001071793479310E-002
  0.10704400782941266     
  0.14099226920817376     
  0.17356392121870898     
  0.20453461064435036     
  0.23373879364340330     
  0.26106642355104548     
  0.28645652992153026     
  0.30988911291620130     
  0.33137653527255412     
  0.35095525823002816     
  0.36867843810831280     
  0.38460963013585964     
  0.39881765258095581     
  0.41137254226973480     
  0.42234246739205844     
  0.43179143834034295     
  0.43977765751318165     
  0.44635236337377154     
  0.45155904492859533     
  0.45543292542825281     
  0.45800063586436190     
  0.45928001856067957     
  0.45928001856067940     
  0.45800063586436224     
  0.45543292542825309     
  0.45155904492859539     
  0.44635236337377149     
  0.43977765751318176     
  0.43179143834034323     
  0.42234246739205883     
  0.41137254226973502     
  0.39881765258095597     
  0.38460963013585941     
  0.36867843810831274     
  0.35095525823002804     
  0.33137653527255401     
  0.30988911291620058     
  0.28645652992152953     
  0.26106642355104515     
  0.23373879364340314     
  0.20453461064435000     
  0.17356392121870887     
  0.14099226920817365     
  0.10704400782941251     
   7.2001071793479116E-002
   3.6196148216944897E-002
   0.0000000000000000     
   0.0000000000000000     
   3.9578141076020007E-002
   7.8677949289227528E-002
  0.11685010409117730     
  0.15369865665524013     
  0.18889751774397243     
  0.22219798470816843     
  0.25342814586878859     
  0.28248618487004623     
  0.30932997275040452     
  0.33396510142083613     
  0.35643297820420899     
  0.37680000915927686     
  0.39514839065029955     
  0.41156865817928101     
  0.42615390773101203     
  0.43899548087809437     
  0.45017985752735512     
  0.45978650013914996     
  0.46788641851630081     
  0.47454126016255965     
  0.47980276896318386     
  0.48371248992718519     
  0.48630162802874238     
  0.48759099446698118     
  0.48759099446698084     
  0.48630162802874222     
  0.48371248992718507     
  0.47980276896318413     
  0.47454126016255999     
  0.46788641851630136     
  0.45978650013915023     
  0.45017985752735529     
  0.43899548087809426     
  0.42615390773101203     
  0.41156865817928096     
  0.39514839065029933     
  0.37680000915927708     
  0.35643297820420888     
  0.33396510142083635     
  0.30932997275040447     
  0.28248618487004579     
  0.25342814586878870     
  0.22219798470816862     
  0.18889751774397237     
  0.15369865665524018     
  0.11685010409117716     
   7.8677949289227236E-002
   3.9578141076020146E-002
   0.0000000000000000     
   0.0000000000000000     
   4.3438466797907700E-002
   8.6282480196233191E-002
  0.12797980259082886     
  0.16805473557763739     
  0.20612950839377145     
  0.24193166457556292     
  0.27528962025353632     
  0.30612019730994500     
  0.33441207478920654     
  0.36020834181253014     
  0.38359026696416837     
  0.40466340955257224     
  0.42354645715432637     
  0.44036270419995310     
  0.45523383928571676     
  0.46827561598427492     
  0.47959498170011738     
  0.48928828617260067     
  0.49744025625031285     
  0.50412348979698263     
  0.50939828083439642     
  0.51331263728856147     
  0.51590239185644049     
  0.51719133681152152     
  0.51719133681152196     
  0.51590239185644049     
  0.51331263728856169     
  0.50939828083439664     
  0.50412348979698307     
  0.49744025625031352     
  0.48928828617260128     
  0.47959498170011755     
  0.46827561598427542     
  0.45523383928571665     
  0.44036270419995305     
  0.42354645715432665     
  0.40466340955257224     
  0.38359026696416865     
  0.36020834181253042     
  0.33441207478920670     
  0.30612019730994500     
  0.27528962025353632     
  0.24193166457556262     
  0.20612950839377142     
  0.16805473557763748     
  0.12797980259082886     
   8.6282480196233385E-002
   4.3438466797907714E-002
   0.0000000000000000     
   0.0000000000000000     
   4.7893245919377228E-002
   9.5033702106969292E-002
  0.14073189049826759     
  0.18441097467070983     
  0.22563411567791347     
  0.26410954494677497     
  0.29967847325984953     
  0.33229290932699113     
  0.36198978728394637     
  0.38886592407590981     
  0.41305633828736232     
  0.43471690493251702     
  0.45401132421448165     
  0.47110186218048827     
  0.48614312922762654     
  0.49927816207317310     
  0.51063616711623849     
  0.52033140660082222     
  0.52846283051536713     
  0.53511416194066186     
  0.54035422728885663     
  0.54423738653622400     
  0.54680396529693642     
  0.54808062411114356     
  0.54808062411114356     
  0.54680396529693664     
  0.54423738653622389     
  0.54035422728885707     
  0.53511416194066230     
  0.52846283051536802     
  0.52033140660082289     
  0.51063616711623872     
  0.49927816207317305     
  0.48614312922762665     
  0.47110186218048905     
  0.45401132421448220     
  0.43471690493251719     
  0.41305633828736249     
  0.38886592407590953     
  0.36198978728394626     
  0.33229290932699140     
  0.29967847325984970     
  0.26410954494677508     
  0.22563411567791350     
  0.18441097467070966     
  0.14073189049826745     
   9.5033702106969195E-002
   4.7893245919377145E-002
   0.0000000000000000     
   0.0000000000000000     
   5.3100814772632302E-002
  0.10522719181399898     
  0.15550308262456214     
  0.20322315692902004     
  0.24788643470039770     
  0.28919392627377455     
  0.32702181851209561     
  0.36138317945422493     
  0.39238824094367747     
  0.42020922891979939     
  0.44505225717685504     
  0.46713654767565105     
  0.48668007259059515     
  0.50389029107989214     
  0.51895865337112790     
  0.53205773596455130     
  0.54334011809084037     
  0.55293834259908325     
  0.56096549726967249     
  0.56751610016144050     
  0.57266707984414533     
  0.57647871627054026     
  0.57899545868393820     
  0.58024657022497272     
  0.58024657022497328     
  0.57899545868393820     
  0.57647871627054048     
  0.57266707984414622     
  0.56751610016144127     
  0.56096549726967349     
  0.55293834259908359     
  0.54334011809084060     
  0.53205773596455141     
  0.51895865337112834     
  0.50389029107989214     
  0.48668007259059465     
  0.46713654767565088     
  0.44505225717685515     
  0.42020922891979973     
  0.39238824094367775     
  0.36138317945422477     
  0.32702181851209561     
  0.28919392627377410     
  0.24788643470039798     
  0.20322315692902040     
  0.15550308262456256     
  0.10522719181399899     
   5.3100814772632128E-002
   0.0000000000000000     
   0.0000000000000000     
   5.9282821357152501E-002
  0.11727116775183179     
  0.17283009125696230     
  0.22509213572041123     
  0.27349453992088357     
  0.31775790693582795     
  0.35783169506053358     
  0.39382974903413415     
  0.42597076811674028     
  0.45453049348275609     
  0.47980691382460722     
  0.50209695600263760     
  0.52168212739235531     
  0.53882057617735768     
  0.55374345721244189     
  0.56665401032306439     
  0.57772822668348889     
  0.58711634843499716     
  0.59494471580280051     
  0.60131766159128197     
  0.60631927565574517     
  0.61001494001785417     
  0.61245258294330263     
  0.61366362787983608     
  0.61366362787983653     
  0.61245258294330296     
  0.61001494001785384     
  0.60631927565574606     
  0.60131766159128230     
  0.59494471580280095     
  0.58711634843499738     
  0.57772822668348944     
  0.56665401032306473     
  0.55374345721244178     
  0.53882057617735735     
  0.52168212739235553     
  0.50209695600263715     
  0.47980691382460727     
  0.45453049348275626     
  0.42597076811673990     
  0.39382974903413426     
  0.35783169506053364     
  0.31775790693582839     
  0.27349453992088341     
  0.22509213572041123     
  0.17283009125696225     
  0.11727116775183169     
   5.9282821357152397E-002
   0.0000000000000000     
   0.0000000000000000     
   6.6759302904146112E-002
  0.13174456657921363     
  0.19345397893104391     
  0.25082075477477883     
  0.30324168232689602     
  0.35051146648812104     
  0.39271730576007596     
  0.43013335350503873     
  0.46313458900639187     
  0.49213506306987803     
  0.51754794863618048     
  0.53976223511793542     
  0.55913090479883165     
  0.57596642902474027     
  0.59054058897821737     
  0.60308662143177494     
  0.61380242988505385     
  0.62285410865461510     
  0.63037935591524963     
  0.63649055474514116     
  0.64127742116970077     
  0.64480918520182728     
  0.64713630519158261     
  0.64829173047123390     
  0.64829173047123378     
  0.64713630519158272     
  0.64480918520182740     
  0.64127742116970055     
  0.63649055474514193     
  0.63037935591524996     
  0.62285410865461566     
  0.61380242988505451     
  0.60308662143177560     
  0.59054058897821771     
  0.57596642902474049     
  0.55913090479883132     
  0.53976223511793564     
  0.51754794863618070     
  0.49213506306987831     
  0.46313458900639215     
  0.43013335350503890     
  0.39271730576007635     
  0.35051146648812154     
  0.30324168232689624     
  0.25082075477477894     
  0.19345397893104388     
  0.13174456657921332     
   6.6759302904145890E-002
   0.0000000000000000     
   0.0000000000000000     
   7.6009823680218011E-002
  0.14949381672983236     
  0.21842050311322053     
  0.28149522212076450     
  0.33813996812380021     
  0.38832897092968416     
  0.43239270798661078     
  0.47085177021955338     
  0.50429917133390978     
  0.53332722115418330     
  0.55848758253230213     
  0.58027313103409173     
  0.59911282766029450     
  0.61537364614455514     
  0.62936584824391284     
  0.64134945654076481     
  0.65154076277033701     
  0.66011830038315888     
  0.66722804445844264     
  0.67298778030433326     
  0.67749066907608724     
  0.68080807442817248     
  0.68299172214996595     
  0.68407525834228289     
  0.68407525834228300     
  0.68299172214996606     
  0.68080807442817226     
  0.67749066907608768     
  0.67298778030433359     
  0.66722804445844264     
  0.66011830038315966     
  0.65154076277033801     
  0.64134945654076536     
  0.62936584824391284     
  0.61537364614455581     
  0.59911282766029494     
  0.58027313103409173     
  0.55848758253230191     
  0.53332722115418374     
  0.50429917133391022     
  0.47085177021955349     
  0.43239270798661128     
  0.38832897092968482     
  0.33813996812380054     
  0.28149522212076483     
  0.21842050311322084     
  0.14949381672983281     
   7.6009823680218233E-002
   0.0000000000000000     
   0.0000000000000000     
   8.7786175086893625E-002
  0.17180037354667793     
  0.24923899467124178     
  0.31859966247125832     
  0.37949399711785681     
  0.43227174112020555     
  0.47767278503713073     
  0.51658184805265228     
  0.54988310495551140     
  0.57838706768064452     
  0.60280202930475191     
  0.62372987882583464     
  0.64167362866370037     
  0.65704947964927363     
  0.67019970131211326     
  0.68140459371703355     
  0.69089286427237084     
  0.69885028564924156     
  0.70542674123102667     
  0.71074185293766312     
  0.71488940040214277     
  0.71794072128480946     
  0.71994725063782539     
  0.72094232240564837     
  0.72094232240564859     
  0.71994725063782605     
  0.71794072128480946     
  0.71488940040214310     
  0.71074185293766368     
  0.70542674123102733     
  0.69885028564924290     
  0.69089286427237151     
  0.68140459371703466     
  0.67019970131211382     
  0.65704947964927429     
  0.64167362866370048     
  0.62372987882583431     
  0.60280202930475235     
  0.57838706768064485     
  0.54988310495551151     
  0.51658184805265250     
  0.47767278503713034     
  0.43227174112020617     
  0.37949399711785697     
  0.31859966247125854     
  0.24923899467124208     
  0.17180037354667804     
   8.7786175086894097E-002
   0.0000000000000000     
   0.0000000000000000     
  0.10333450312067941     
  0.20068250769874302     
  0.28813543955381143     
  0.36417043597516963     
  0.42896461675616271     
  0.48359121139615246     
  0.52944484298905170     
  0.56791973199841483     
  0.60026433275483926     
  0.62753591530813191     
  0.65060358818022734     
  0.67017072630079322     
  0.68680232851939726     
  0.70095094247672707     
  0.71297888363823347     
  0.72317635274288572     
  0.73177581495287158     
  0.73896323671041053     
  0.74488678187875867     
  0.74966348981314967     
  0.75338435831001216     
  0.75611815967109619     
  0.75791423671087932     
  0.75880445823683695     
  0.75880445823683729     
  0.75791423671087965     
  0.75611815967109597     
  0.75338435831001216     
  0.74966348981315034     
  0.74488678187875901     
  0.73896323671041086     
  0.73177581495287236     
  0.72317635274288683     
  0.71297888363823381     
  0.70095094247672718     
  0.68680232851939726     
  0.67017072630079288     
  0.65060358818022734     
  0.62753591530813124     
  0.60026433275483926     
  0.56791973199841495     
  0.52944484298905170     
  0.48359121139615235     
  0.42896461675616288     
  0.36417043597516974     
  0.28813543955381116     
  0.20068250769874316     
  0.10333450312067957     
   0.0000000000000000     
   0.0000000000000000     
  0.12486932969708044     
  0.23945971457380461     
  0.33844981987008943     
  0.42098202511944688     
  0.48860282253547249     
  0.54368364471918840     
  0.58859564352451066     
  0.62538790419711487     
  0.65571857875729889     
  0.68088867261681529     
  0.70190568180723301     
  0.71954710967771340     
  0.73441401663636896     
  0.74697307810000380     
  0.75758853802120629     
  0.76654611866340583     
  0.77407080608581902     
  0.78034006436076964     
  0.78549365976044772     
  0.78964096612616530     
  0.79286638335365911     
  0.79523332237868272     
  0.79678707829775974     
  0.79755681559398262     
  0.79755681559398295     
  0.79678707829775974     
  0.79523332237868272     
  0.79286638335365967     
  0.78964096612616597     
  0.78549365976044838     
  0.78034006436077019     
  0.77407080608581935     
  0.76654611866340638     
  0.75758853802120696     
  0.74697307810000424     
  0.73441401663636940     
  0.71954710967771351     
  0.70190568180723301     
  0.68088867261681496     
  0.65571857875729911     
  0.62538790419711532     
  0.58859564352451066     
  0.54368364471918795     
  0.48860282253547227     
  0.42098202511944671     
  0.33844981987008937     
  0.23945971457380497     
  0.12486932969708045     
   0.0000000000000000     
   0.0000000000000000     
  0.15668310109383746     
  0.29383720102930538     
  0.40522210023329502     
  0.49270502209705558     
  0.56078100354709126     
  0.61394490142061775     
  0.65586618219268755     
  0.68931766250823556     
  0.71633340546042568     
  0.73839451459459748     
  0.75658335675417521     
  0.77169801396645910     
  0.78433355024836227     
  0.79493881526571353     
  0.80385607168318274     
  0.81134877780371129     
  0.81762122636622903     
  0.82283255488640183     
  0.82710682667609803     
  0.83054033157740559     
  0.83320688659977804     
  0.83516166819221549     
  0.83644393850749399     
  0.83707891024735015     
  0.83707891024735026     
  0.83644393850749410     
  0.83516166819221582     
  0.83320688659977793     
  0.83054033157740503     
  0.82710682667609770     
  0.82283255488640217     
  0.81762122636622969     
  0.81134877780371262     
  0.80385607168318307     
  0.79493881526571331     
  0.78433355024836160     
  0.77169801396645865     
  0.75658335675417543     
  0.73839451459459737     
  0.71633340546042557     
  0.68931766250823590     
  0.65586618219268766     
  0.61394490142061786     
  0.56078100354709115     
  0.49270502209705569     
  0.40522210023329525     
  0.29383720102930538     
  0.15668310109383721     
   0.0000000000000000     
   0.0000000000000000     
  0.20802587364896380     
  0.37398388821628470     
  0.49589635793672987     
  0.58383495948838993     
  0.64787126813521911     
  0.69544877522350368     
  0.73160652131738668     
  0.75968315818271348     
  0.78190286598156999     
  0.79977262354697376     
  0.81433521664841191     
  0.82632803918558462     
  0.83628335512490648     
  0.84459256103130387     
  0.85154815564210029     
  0.85737169450202888     
  0.86223276668898485     
  0.86626210214251054     
  0.86956076048013553     
  0.87220664690758110     
  0.87425916327583097     
  0.87576252528290854     
  0.87674809729265080     
  0.87723597664057495     
  0.87723597664057462     
  0.87674809729265069     
  0.87576252528290854     
  0.87425916327583075     
  0.87220664690758043     
  0.86956076048013498     
  0.86626210214250998     
  0.86223276668898496     
  0.85737169450202977     
  0.85154815564210040     
  0.84459256103130387     
  0.83628335512490581     
  0.82632803918558440     
  0.81433521664841235     
  0.79977262354697320     
  0.78190286598157022     
  0.75968315818271404     
  0.73160652131738690     
  0.69544877522350390     
  0.64787126813521878     
  0.58383495948838982     
  0.49589635793672998     
  0.37398388821628453     
  0.20802587364896363     
   0.0000000000000000     
   0.0000000000000000     
  0.30143650528573313     
  0.49817612025013902     
  0.62054448380895133     
  0.69886718978455364     
  0.75142033428189126     
  0.78837241002079173     
  0.81542796967064157     
  0.83590558292366235     
  0.85182227673616806     
  0.86445789696331510     
  0.87465684710691483     
  0.88299557100256110     
  0.88987927003437539     
  0.89559991809249428     
  0.90037229535188523     
  0.90435707787332076     
  0.90767604374516975     
  0.91042232651451915     
  0.91266746619435235     
  0.91446633229695151     
  0.91586059431305700     
  0.91688117237093680     
  0.91754994873962492     
  0.91788092238172325     
  0.91788092238172259     
  0.91754994873962492     
  0.91688117237093725     
  0.91586059431305666     
  0.91446633229695173     
  0.91266746619435202     
  0.91042232651451904     
  0.90767604374516975     
  0.90435707787332120     
  0.90037229535188534     
  0.89559991809249451     
  0.88987927003437506     
  0.88299557100256054     
  0.87465684710691438     
  0.86445789696331421     
  0.85182227673616773     
  0.83590558292366290     
  0.81542796967064146     
  0.78837241002079161     
  0.75142033428189148     
  0.69886718978455398     
  0.62054448380895078     
  0.49817612025013930     
  0.30143650528573374     
   0.0000000000000000     
   0.0000000000000000     
  0.49954402724383018     
  0.69673960368958754     
  0.78923826726438051     
  0.83966898155898406     
  0.87057046918700143     
  0.89119256090712962     
  0.90582736442072476     
  0.91668892710512795     
  0.92502276107612502     
  0.93157984046320241     
  0.93683870381337131     
  0.94111812768336811     
  0.94463823591753981     
  0.94755554595241431     
  0.94998402979962449     
  0.95200827789419962     
  0.95369200390385334     
  0.95508369397604365     
  0.95622044548580298     
  0.95713062177281605     
  0.95783570930850803     
  0.95835162114815819     
  0.95868960291318850     
  0.95885684176496988     
  0.95885684176497010     
  0.95868960291318861     
  0.95835162114815831     
  0.95783570930850814     
  0.95713062177281583     
  0.95622044548580287     
  0.95508369397604420     
  0.95369200390385356     
  0.95200827789420017     
  0.94998402979962493     
  0.94755554595241454     
  0.94463823591753959     
  0.94111812768336756     
  0.93683870381337075     
  0.93157984046320252     
  0.92502276107612424     
  0.91668892710512784     
  0.90582736442072420     
  0.89119256090712951     
  0.87057046918700165     
  0.83966898155898384     
  0.78923826726438107     
  0.69673960368958765     
  0.49954402724383018     
   0.0000000000000000     
   1.0000000000000000     
   1.0000000000000000     
   1.0000000000000000     
   1.0000000000000000     
   1.0000000000000000     
   1.0000000000000000     
   1.0000000000000000     
   1.0000000000000000     
   1.0000000000000000     
   1.0000000000000000     
   1.0000000000000000     
   1.0000000000000000     
   1.0000000000000000     
   1.0000000000000000     
   1.0000000000000000     
   1.0000000000000000     
   1.0000000000000000     
   1.0000000000000000     
   1.0000000000000000     
   1.0000000000000000     
   1.0000000000000000     
   1.0000000000000000     
   1.0000000000000000     
   1.0000000000000000     
   1.0000000000000000     
   1.0000000000000000     
   1.0000000000000000     
   1.0000000000000000     
   1.0000000000000000     
   1.0000000000000000     
   1.0000000000000000     
   1.0000000000000000     
   1.0000000000000000     
   1.0000000000000000     
   1.0000000000000000     
   1.0000000000000000     
   1.0000000000000000     
   1.0000000000000000     
   1.0000000000000000     
   1.0000000000000000     
   1.0000000000000000     
   1.0000000000000000     
   1.0000000000000000     
   1.0000000000000000     
   1.0000000000000000     
   1.0000000000000000     
   1.0000000000000000     
   1.0000000000000000     
   1.0000000000000000     
   1.0000000000000000     
                  569
  0.90476190476190432     
  0.81859410430838342     
  0.74063276104084552     
  0.67009630760780825     
  0.60627761164167349     
  0.55460137436666956     
  0.50719872969677937     
  0.47893192756593472     
  0.44576149523234787     
  0.41498400091568782     
  0.39125655532450482     
  0.36231043195388785     
  0.34368428582487137     
  0.32100623215623691     
  0.30279998853415696     
  0.28494414204576968     
  0.26710307732035243     
  0.25237808733182043     
  0.23490565711366124     
  0.22226343435011681     
  0.20798103358242720     
  0.19748561202300580     
  0.18545262092482040     
  0.17440356543775798     
  0.16436258973785700     
  0.15489734579026193     
  0.14622294941303621     
  0.13712165623060757     
  0.12995806220430828     
  0.12171380473116272     
  0.11529335704548005     
  0.10819700416755246     
  0.10257651054200201     
   9.6348295412666540E-002
   9.1181307384698040E-002
   8.5871698260486296E-002
   8.0946494994291740E-002
   7.6385602604618158E-002
   7.1957377766037833E-002
   6.7943955764761171E-002
   6.4022820808436215E-002
   6.0515198957221794E-002
   5.6920098163777216E-002
   5.3899754354297891E-002
   5.0580038480933981E-002
   4.7964395943807803E-002
   4.5062083217636606E-002
   4.2674611708813370E-002
   4.0139913113822756E-002
   3.7995173877745314E-002
   3.5776186689240375E-002
   3.3910595967773766E-002
   3.2127888140133259E-002
   3.0569799635419864E-002
   2.9062226545178232E-002
   2.7449719797291272E-002
   2.5902552800887907E-002
   2.4513700236440367E-002
   2.3361335569072189E-002
   2.2040377406251699E-002
   2.0941639400221326E-002
   1.9831369827590858E-002
   1.8859032909553028E-002
   1.7851817421768265E-002
   1.7010618808348366E-002
   1.6095236822344844E-002
   1.5328544964659199E-002
   1.4549635811845818E-002
   1.3834421697948296E-002
   1.3156053939293574E-002
   1.2506003341982361E-002
   1.1895339971421739E-002
   1.1307400967442670E-002
   1.0764140858954829E-002
   1.0224151154710821E-002
   9.7493963063252503E-003
   9.2518490773443249E-003
   8.8337577849692331E-003
   8.3878380918028864E-003
   8.0044030338346263E-003
   7.6065298927299393E-003
   7.2530561454236461E-003
   6.8992061575557841E-003
   6.5725914900710003E-003
   6.3488392736162471E-003
   6.3584100395510648E-003
   6.2925678481749545E-003
   6.1509977521256431E-003
   5.9340403297917215E-003
   5.6466112628694000E-003
   5.2984207447162139E-003
   4.9006587807661380E-003
   4.4649267426101515E-003
   4.0041503456026591E-003
   3.9187904395970100E-003
   4.0323173234941183E-003
   4.5940440183560626E-003
   2.8402007875974792E-003
   1.0185789414843831E-003
   4.8155539785108437E-004
   3.1941779609906537E-004
   2.4329545893411395E-004
   1.7327605332678915E-004
   1.3572429217114106E-004
   1.0920361898607419E-004
   9.1499123542034336E-005
   6.7581025065930386E-005
   5.2198712313897906E-005
   4.2068266831372784E-005
   3.3811764029321708E-005
   2.9577750998212434E-005
   2.5121343628531465E-005
   1.9415671978267467E-005
   1.5006751918741922E-005
   1.2269722191596538E-005
   9.6981543631339704E-006
   8.2859488543523142E-006
   7.1085623378581639E-006
   5.9454842274366156E-006
   5.5691166283462767E-006
   4.9399082534401506E-006
   4.6493836900196595E-006
   4.7103591931246802E-006
   4.1441083366011711E-006
   4.1249139572513416E-006
   3.8457332269953293E-006
   3.7033336455216670E-006
   3.5126443136135332E-006
   3.3037276593733678E-006
   3.0690800893046211E-006
   2.9435678098460594E-006
   2.9340178445413923E-006
   2.7272860227134377E-006
   2.5998732312570993E-006
   2.3905805770635391E-006
   2.2241539300166258E-006
   2.0953978296656128E-006
   1.9884994290342295E-006
   1.8459520973526655E-006
   1.8140285347398311E-006
   1.7171387205403010E-006
   1.6061539136087710E-006
   1.5217825113343630E-006
   1.3113638223823110E-006
   1.1449196829962233E-006
   1.0439036912252009E-006
   8.8578449993978459E-007
   9.1247779729700107E-007
   9.1274442405239742E-007
   8.7971202627698530E-007
   8.5880074000149742E-007
   8.7096069708789137E-007
   7.9138113837605439E-007
   6.7891375836459655E-007
   6.1051725588900929E-007
   5.7908475113027658E-007
   5.1311390675962132E-007
   4.6441755467696577E-007
   4.5967367878763099E-007
   4.6284535862306520E-007
   4.3585607673035653E-007
   4.0553798714981770E-007
   4.0167895695719658E-007
   3.5448685430095050E-007
   3.3677622745392766E-007
   3.2339026373624791E-007
   3.2060202084446821E-007
   2.9946052514280563E-007
   2.9575099368215479E-007
   3.0126335727551773E-007
   2.8981106919324928E-007
   2.7126950337321570E-007
   2.6722791661003970E-007
   2.6717028870672233E-007
   2.5194524645808652E-007
   2.3797433210299979E-007
   2.3488516156470324E-007
   2.2464320441686891E-007
   2.1054427950650129E-007
   2.0114511283583075E-007
   1.9440380446145850E-007
   1.8583722888581428E-007
   1.7717194458321400E-007
   1.6771725604852739E-007
   1.5717433202860898E-007
   1.4958454301345486E-007
   1.4021495831420538E-007
   1.2993832689163487E-007
   1.2090710517585063E-007
   1.1181856957075478E-007
   1.0305566873047151E-007
   9.6090699020553311E-008
   1.0382496687735832E-007
   1.0622051705051760E-007
   1.3110537326279812E-007
   6.9317141270549675E-008
   2.6335468038740303E-008
   1.5074982922559654E-008
   1.1236565326637471E-008
   7.9260743168427239E-009
   5.9202287328117414E-009
   4.8389199600387678E-009
   3.9919991782697006E-009
   3.2844866908708636E-009
   2.7253802424489354E-009
   2.1986594036290524E-009
   1.7599451162912672E-009
   1.4110716462477357E-009
   1.1409822227650968E-009
   9.2161361875398029E-010
   7.8292338291739011E-010
   7.1911938925341146E-010
   7.1941793874149423E-010
   5.7553924928850642E-010
   4.9620065608463326E-010
   3.9064150005041487E-010
   4.1591032007293194E-010
   3.5273214904485428E-010
   3.6216296628310829E-010
   3.1965030622416180E-010
   3.1699828872966407E-010
   2.9274703494674981E-010
   2.8940880247851908E-010
   2.4393229103303327E-010
   2.3759189060612584E-010
   2.1146821793660564E-010
   2.0637721392935404E-010
   1.8567208881492547E-010
   1.7744806665720425E-010
   1.6356096338432380E-010
   1.7868539980980813E-010
   1.8461840389782935E-010
   1.8093080506043080E-010
   1.8160523432286801E-010
   1.4207549373090878E-010
   1.3480726257508735E-010
   1.2281922701085080E-010
   1.1271575166282854E-010
   9.7419836087020428E-011
   1.0863178412368057E-010
   1.0863027838370343E-010
   1.0585291497500204E-010
   1.0724579557752634E-010
   8.7969617701411096E-011
   7.5323580706054827E-011
   7.6603884693882129E-011
   6.9741836437875460E-011
   5.8350071302504247E-011
   5.3476306716149224E-011
   5.4513658344357285E-011
   3.7200736848624905E-011
   3.7976598428468566E-011
   3.0866404918117318E-011
   1.7947897942155455E-011
   2.1081311175896733E-011
   1.4736128983727781E-011
   1.3377268476971738E-011
   1.2992010245405083E-011
   1.1814424438760796E-011
   1.1763062746084074E-011
   1.0646435122385611E-011
   1.0490642209093348E-011
   1.0983486689597477E-011
   1.0353965948506350E-011
   9.9669343958663781E-012
   1.0422190888093041E-011
   9.6497636270509446E-012
   9.0913275171966568E-012
   9.2540818757980148E-012
   8.6238767862956145E-012
   8.1622061540165269E-012
   7.9727960344833093E-012
   7.8105794401595041E-012
   7.4062518271023059E-012
   7.1008997293287024E-012
   7.0223852774442541E-012
   6.4058784318699047E-012
   6.1626641290057904E-012
   5.8318844545213189E-012
   5.3514250322739265E-012
   5.0431811504658697E-012
   4.8768168323110039E-012
   4.5952529975634704E-012
   4.2143935910510244E-012
   4.1887587148847771E-012
   3.8257114490236610E-012
   3.5581828282393868E-012
   3.3306482571937579E-012
   3.1752315620553473E-012
   2.9592021107832656E-012
   2.9865365822751011E-012
   2.9969980490374137E-012
   3.8690033707204641E-012
   1.9505485551393753E-012
   7.5409383598623592E-013
   4.2165793426307552E-013
   3.3001704667634524E-013
   2.6451670714910946E-013
   1.8682538155401218E-013
   1.4859576243086980E-013
   1.2542397676007511E-013
   9.3046013602271493E-014
   1.0955819584879123E-013
   7.8835809408372981E-014
   8.9121418578308464E-014
   7.8825834748386114E-014
   5.7274931325457246E-014
   6.8748826076436842E-014
   4.0682734958608080E-014
   3.6489040955434149E-014
   3.8594127893532004E-014
   2.9441726834278370E-014
   2.9223151676305292E-014
   2.5507373990762972E-014
   2.2801205368239152E-014
   2.3414430116996954E-014
   2.1357915436226449E-014
   1.5876189252139739E-014
   1.7146006836554761E-014
   1.5933435126846973E-014
   1.1615708395140700E-014
   1.2156942119645464E-014
   1.0838552277903091E-014
   8.9511731360403246E-015
   8.2850393212652307E-015
   8.4515727749590042E-015
   8.6042284408449632E-015
   7.5876804839225542E-015
   7.3691053259494765E-015
   6.2328614491846679E-015
   5.9119376061289586E-015
   6.2901073238919025E-015
   5.8598959018496544E-015
   5.6152998917369246E-015
   6.0663279954908944E-015
   6.4392935428259079E-015
   5.0064119516690653E-015
   4.3697684359855771E-015
   3.9968028886505635E-015
   4.5553838479150954E-015
   4.6516610008318082E-015
   4.0367015285980301E-015
   2.6870866642880742E-015
   2.4069288229178198E-015
   2.2386606457480696E-015
   2.3184579256430027E-015
   1.6421326104465450E-015
   1.5543122344752192E-015
   1.6653345369377348E-015
   1.3322676295501878E-015
   1.3322676295501878E-015
   1.4432899320127035E-015
   1.6653345369377348E-015
   1.5543122344752192E-015
   1.8873791418627661E-015
   1.4432899320127035E-015
   1.7763568394002505E-015
   1.5543122344752192E-015
   1.4432899320127035E-015
   1.3322676295501878E-015
   1.4432899320127035E-015
   1.5543122344752192E-015
   1.5543122344752192E-015
   1.4432899320127035E-015
   1.2212453270876722E-015
   1.5543122344752192E-015
   1.3322676295501878E-015
   1.2212453270876722E-015
   1.2212453270876722E-015
   1.2212453270876722E-015
   1.3322676295501878E-015
   1.2212453270876722E-015
   1.3322676295501878E-015
   1.2212453270876722E-015
   1.3322676295501878E-015
   1.5543122344752192E-015
   1.7763568394002505E-015
   1.5543122344752192E-015
   1.4432899320127035E-015
   1.8873791418627661E-015
   1.6653345369377348E-015
   1.3322676295501878E-015
   1.3322676295501878E-015
   1.3322676295501878E-015
   1.2212453270876722E-015
   1.3322676295501878E-015
   1.4432899320127035E-015
   1.7763568394002505E-015
   1.3322676295501878E-015
   1.5543122344752192E-015
   1.3322676295501878E-015
   2.3314683517128287E-015
   1.4432899320127035E-015
   1.4432899320127035E-015
   1.3322676295501878E-015
   1.2212453270876722E-015
   1.4432899320127035E-015
   1.4432899320127035E-015
   1.4432899320127035E-015
   1.3322676295501878E-015
   1.4432899320127035E-015
   1.5543122344752192E-015
   1.3322676295501878E-015
   1.2212453270876722E-015
   1.3322676295501878E-015
   1.2212453270876722E-015
   1.3322676295501878E-015
   1.7763568394002505E-015
   1.8873791418627661E-015
   1.6653345369377348E-015
   1.3322676295501878E-015
   1.4432899320127035E-015
   1.3322676295501878E-015
   1.2212453270876722E-015
   1.4432899320127035E-015
   1.4432899320127035E-015
   1.5543122344752192E-015
   1.4432899320127035E-015
   1.3322676295501878E-015
   1.2212453270876722E-015
   1.5543122344752192E-015
   1.2212453270876722E-015
   1.3322676295501878E-015
   1.5543122344752192E-015
   1.3322676295501878E-015
   1.4432899320127035E-015
   1.4432899320127035E-015
   1.2212453270876722E-015
   1.4432899320127035E-015
   1.6653345369377348E-015
   1.5543122344752192E-015
   1.5543122344752192E-015
   1.7763568394002505E-015
   1.3322676295501878E-015
   1.2212453270876722E-015
   1.3322676295501878E-015
   1.5543122344752192E-015
   1.5543122344752192E-015
   1.4432899320127035E-015
   1.7763568394002505E-015
   1.6653345369377348E-015
   1.5543122344752192E-015
   1.6653345369377348E-015
   1.7763568394002505E-015
   1.4432899320127035E-015
   1.6653345369377348E-015
   1.6653345369377348E-015
   1.3322676295501878E-015
   1.4432899320127035E-015
   1.5543122344752192E-015
   1.3322676295501878E-015
   1.4432899320127035E-015
   1.3322676295501878E-015
   1.6653345369377348E-015
   1.5543122344752192E-015
   1.2212453270876722E-015
   1.4432899320127035E-015
   1.4432899320127035E-015
   1.4432899320127035E-015
   1.1102230246251565E-015
   1.3322676295501878E-015
   1.3322676295501878E-015
   1.2212453270876722E-015
   1.3322676295501878E-015
   1.3322676295501878E-015
   1.3322676295501878E-015
   1.3322676295501878E-015
   1.4432899320127035E-015
   1.5543122344752192E-015
   1.4432899320127035E-015
   1.5543122344752192E-015
   1.8873791418627661E-015
   1.3322676295501878E-015
   1.6653345369377348E-015
   1.3322676295501878E-015
   1.3322676295501878E-015
   1.4432899320127035E-015
   1.3322676295501878E-015
   1.4432899320127035E-015
   1.3322676295501878E-015
   1.3322676295501878E-015
   2.3314683517128287E-015
   1.6653345369377348E-015
   1.6653345369377348E-015
   1.4432899320127035E-015
   1.3322676295501878E-015
   1.3322676295501878E-015
   1.2212453270876722E-015
   1.2212453270876722E-015
   1.4432899320127035E-015
   1.5543122344752192E-015
   1.3322676295501878E-015
   1.2212453270876722E-015
   1.4432899320127035E-015
   1.3322676295501878E-015
   1.3322676295501878E-015
   1.4432899320127035E-015
   1.4432899320127035E-015
   1.3322676295501878E-015
   1.6653345369377348E-015
   1.3322676295501878E-015
   1.7763568394002505E-015
   1.4432899320127035E-015
   1.3322676295501878E-015
   1.3322676295501878E-015
   1.2212453270876722E-015
   1.5543122344752192E-015
   1.3322676295501878E-015
   1.4432899320127035E-015
   1.4432899320127035E-015
   1.4432899320127035E-015
   1.5543122344752192E-015
   1.4432899320127035E-015
   1.5543122344752192E-015
   1.5543122344752192E-015
   1.4432899320127035E-015
   1.5543122344752192E-015
   1.4432899320127035E-015
   1.2212453270876722E-015
   1.3322676295501878E-015
   1.5543122344752192E-015
   1.3322676295501878E-015
   1.4432899320127035E-015
   1.3322676295501878E-015
   1.5543122344752192E-015
   1.4432899320127035E-015
   1.5543122344752192E-015
   1.7763568394002505E-015
   1.6653345369377348E-015
   1.4432899320127035E-015
   1.7763568394002505E-015
   1.3322676295501878E-015
   1.2212453270876722E-015
   1.7763568394002505E-015
   1.5543122344752192E-015
   1.5543122344752192E-015
   1.5543122344752192E-015
   1.3322676295501878E-015
   1.8873791418627661E-015
   1.7763568394002505E-015
   1.3322676295501878E-015
   1.5543122344752192E-015
   1.7763568394002505E-015
   1.5543122344752192E-015
   1.1102230246251565E-015
   1.3322676295501878E-015
   1.2212453270876722E-015
   1.7763568394002505E-015
   1.3322676295501878E-015
   1.5543122344752192E-015
   1.5543122344752192E-015
   1.3322676295501878E-015
   1.8873791418627661E-015
   1.5543122344752192E-015
   1.2212453270876722E-015
   1.3322676295501878E-015
   1.2212453270876722E-015
   1.4432899320127035E-015
   1.3322676295501878E-015
   1.5543122344752192E-015
   1.5543122344752192E-015
   1.6653345369377348E-015
   1.4432899320127035E-015
   1.3322676295501878E-015
   1.2212453270876722E-015
   1.7763568394002505E-015
   1.2212453270876722E-015
   1.3322676295501878E-015
   9.9920072216264089E-016
   0.0000000000000000     
   0.0000000000000000     
   0.0000000000000000     
   0.0000000000000000     
   0.0000000000000000     
   0.0000000000000000     
   0.0000000000000000     
   0.0000000000000000     
   0.0000000000000000     
   0.0000000000000000     
   0.0000000000000000     
   0.0000000000000000     
   0.0000000000000000     
   0.0000000000000000     
   0.0000000000000000     
   0.0000000000000000     
   0.0000000000000000     
   0.0000000000000000     
   0.0000000000000000     
   0.0000000000000000     
   0.0000000000000000     
   0.0000000000000000     
   0.0000000000000000     
   0.0000000000000000     
   0.0000000000000000     
   0.0000000000000000     
   0.0000000000000000     
   0.0000000000000000     
   0.0000000000000000     
   0.0000000000000000     
   0.0000000000000000     
   0.0000000000000000     
   0.0000000000000000     
   0.0000000000000000     
   0.0000000000000000     
   0.0000000000000000     
   0.0000000000000000     
   0.0000000000000000     
   0.0000000000000000     
   0.0000000000000000     
   0.0000000000000000     
   0.0000000000000000     
   0.0000000000000000     
   0.0000000000000000     
   0.0000000000000000     
   0.0000000000000000     
   0.0000000000000000     
   0.0000000000000000     
   0.0000000000000000     
   0.0000000000000000     
   0.0000000000000000     
   0.0000000000000000     
   0.0000000000000000     
   0.0000000000000000     
   0.0000000000000000     
   0.0000000000000000     
   0.0000000000000000     
   0.0000000000000000     
   0.0000000000000000     
   0.0000000000000000     
   0.0000000000000000     
   0.0000000000000000     
   0.0000000000000000     
   0.0000000000000000     
   0.0000000000000000     
   0.0000000000000000     
   0.0000000000000000     
   0.0000000000000000     
   0.0000000000000000     
   0.0000000000000000     
   0.0000000000000000     
   0.0000000000000000     
   0.0000000000000000     
   0.0000000000000000     
   0.0000000000000000     
   0.0000000000000000     
   0.0000000000000000     
   0.0000000000000000     
   0.0000000000000000     
   0.0000000000000000     
   0.0000000000000000     
   0.0000000000000000     
   0.0000000000000000     
   0.0000000000000000     
   3.9999999999054126E-003
   3.9999999999054126E-003
   3.9999999999054126E-003
   3.9999999999054126E-003
   3.9999999999054126E-003
   3.9999999999054126E-003
   3.9999999999054126E-003
   3.9999999999054126E-003
   3.9999999999054126E-003
   3.9999999999054126E-003
   3.9999999999054126E-003
   3.9999999999054126E-003
   3.9999999999054126E-003
   3.9999999999054126E-003
   3.9999999999054126E-003
   3.9999999999054126E-003
   3.9999999999054126E-003
   3.9999999999054126E-003
   3.9999999999054126E-003
   3.9999999999054126E-003
   3.9999999999054126E-003
   3.9999999999054126E-003
   3.9999999999054126E-003
   3.9999999999054126E-003
   3.9999999999054126E-003
   3.9999999999054126E-003
   3.9999999999054126E-003
   3.9999999999054126E-003
   3.9999999999054126E-003
   3.9999999999054126E-003
   3.9999999999054126E-003
   3.9999999999054126E-003
   3.9999999999054126E-003
   3.9999999999054126E-003
   3.9999999999054126E-003
   3.9999999999054126E-003
   3.9999999999054126E-003
   3.9999999999054126E-003
   3.9999999999054126E-003
   3.9999999999054126E-003
   3.9999999999054126E-003
   3.9999999999054126E-003
   3.9999999999054126E-003
   3.9999999999054126E-003
   3.9999999999054126E-003
   3.9999999999054126E-003
   3.9999999999054126E-003
   3.9999999999054126E-003
   3.9999999999054126E-003
   3.9999999999054126E-003
   3.9999999999054126E-003
   3.9999999999054126E-003
   3.9999999999054126E-003
   3.9999999999054126E-003
   3.9999999999054126E-003
   3.9999999999054126E-003
   3.9999999999054126E-003
   3.9999999999054126E-003
   3.9999999999054126E-003
   3.9999999999054126E-003
   3.9999999999054126E-003
   3.9999999999054126E-003
   3.9999999999054126E-003
   3.9999999999054126E-003
   3.9999999999054126E-003
   3.9999999999054126E-003
   3.9999999999054126E-003
   3.9999999999054126E-003
   3.9999999999054126E-003
   3.9999999999054126E-003
   3.9999999999054126E-003
   3.9999999999054126E-003
   3.9999999999054126E-003
   3.9999999999054126E-003
   3.9999999999054126E-003
   3.9999999999054126E-003
   3.9999999999054126E-003
   3.9999999999054126E-003
   3.9999999999054126E-003
   3.9999999999054126E-003
   3.9999999999054126E-003
   3.9999999999054126E-003
   3.9999999999054126E-003
   3.9999999999054126E-003
   3.9999999999054126E-003
   3.9999999999054126E-003
   3.9999999999054126E-003
   3.9999999999054126E-003
   3.9999999999054126E-003
   3.9999999999054126E-003
   3.9999999999054126E-003
   3.9999999999054126E-003
   3.9999999999054126E-003
   3.9999999999054126E-003
   3.9999999999054126E-003
   3.9999999999054126E-003
   3.9999999999054126E-003
   3.9999999999054126E-003
   3.9999999999054126E-003
   3.9999999999054126E-003
   3.9999999999054126E-003
   3.9999999999054126E-003
   3.9999999999054126E-003
   3.9999999999054126E-003
   3.9999999999054126E-003
   3.9999999999054126E-003
   3.9999999999054126E-003
   3.9999999999054126E-003
   3.9999999999054126E-003
   3.9999999999054126E-003
   3.9999999999054126E-003
   3.9999999999054126E-003
   3.9999999999054126E-003
   3.9999999999054126E-003
   3.9999999999054126E-003
   3.9999999999054126E-003
   3.9999999999054126E-003
   3.9999999999054126E-003
   3.9999999999054126E-003
   3.9999999999054126E-003
   3.9999999999054126E-003
   3.9999999999054126E-003
   3.9999999999054126E-003
   3.9999999999054126E-003
   3.9999999999054126E-003
   3.9999999999054126E-003
   3.9999999999054126E-003
   3.9999999999054126E-003
   3.9999999999054126E-003
   3.9999999999054126E-003
   3.9999999999054126E-003
   3.9999999999054126E-003
   3.9999999999054126E-003
   3.9999999999054126E-003
   3.9999999999054126E-003
   3.9999999999054126E-003
   3.9999999999054126E-003
   3.9999999999054126E-003
   3.9999999999054126E-003
   3.9999999999054126E-003
   3.9999999999054126E-003
   3.9999999999054126E-003
   3.9999999999054126E-003
   3.9999999999054126E-003
   3.9999999999054126E-003
   3.9999999999054126E-003
   3.9999999999054126E-003
   3.9999999999054126E-003
   3.9999999999054126E-003
   3.9999999999054126E-003
   3.9999999999054126E-003
   3.9999999999054126E-003
   3.9999999999054126E-003
   3.9999999999054126E-003
   3.9999999999054126E-003
   3.9999999999054126E-003
   3.9999999999054126E-003
   3.9999999999054126E-003
   3.9999999999054126E-003
   3.9999999999054126E-003
   3.9999999999054126E-003
   3.9999999999054126E-003
   3.9999999999054126E-003
   3.9999999999054126E-003
   3.9999999999054126E-003
   3.9999999999054126E-003
   3.9999999999054126E-003
   3.9999999999054126E-003
   3.9999999999054126E-003
   3.9999999999054126E-003
   3.9999999999054126E-003
   3.9999999999054126E-003
   3.9999999999054126E-003
   3.9999999999054126E-003
   3.9999999999054126E-003
   3.9999999999054126E-003
   3.9999999999054126E-003
   3.9999999999054126E-003
   3.9999999999054126E-003
   3.9999999999054126E-003
   3.9999999999054126E-003
   3.9999999999054126E-003
   3.9999999999054126E-003
   3.9999999999054126E-003
   3.9999999999054126E-003
   3.9999999999054126E-003
   3.9999999999054126E-003
   3.9999999999054126E-003
   3.9999999999054126E-003
   3.9999999999054126E-003
   3.9999999999054126E-003
   3.9999999999054126E-003
   3.9999999999054126E-003
   3.9999999999054126E-003
   3.9999999999054126E-003
   3.9999999999054126E-003
   3.9999999999054126E-003
   3.9999999999054126E-003
   3.9999999999054126E-003
   3.9999999999054126E-003
   3.9999999999054126E-003
   3.9999999999054126E-003
   3.9999999999054126E-003
   3.9999999999054126E-003
   3.9999999999054126E-003
   3.9999999999054126E-003
   3.9999999999054126E-003
   3.9999999999054126E-003
   3.9999999999054126E-003
   3.9999999999054126E-003
   3.9999999999054126E-003
   3.9999999999054126E-003
   3.9999999999054126E-003
   3.9999999999054126E-003
   3.9999999999054126E-003
   3.9999999999054126E-003
   3.9999999999054126E-003
   3.9999999999054126E-003
   3.9999999999054126E-003
   3.9999999999054126E-003
   3.9999999999054126E-003
   3.9999999999054126E-003
   3.9999999999054126E-003
   3.9999999999054126E-003
   3.9999999999054126E-003
   3.9999999999054126E-003
   3.9999999999054126E-003
   3.9999999999054126E-003
   3.9999999999054126E-003
   8.0009999999219872E-003
   8.0009999999219872E-003
   8.0009999999219872E-003
   8.0009999999219872E-003
   8.0009999999219872E-003
   8.0009999999219872E-003
   8.0009999999219872E-003
   8.0009999999219872E-003
   8.0009999999219872E-003
   8.0009999999219872E-003
   8.0009999999219872E-003
   8.0009999999219872E-003
   8.0009999999219872E-003
   8.0009999999219872E-003
   8.0009999999219872E-003
   8.0009999999219872E-003
   8.0009999999219872E-003
   8.0009999999219872E-003
   8.0009999999219872E-003
   8.0009999999219872E-003
   8.0009999999219872E-003
   8.0009999999219872E-003
   8.0009999999219872E-003
   8.0009999999219872E-003
   8.0009999999219872E-003
   8.0009999999219872E-003
   8.0009999999219872E-003
   8.0009999999219872E-003
   8.0009999999219872E-003
   8.0009999999219872E-003
   8.0009999999219872E-003
   8.0009999999219872E-003
   8.0009999999219872E-003
   8.0009999999219872E-003
   8.0009999999219872E-003
   8.0009999999219872E-003
   8.0009999999219872E-003
   8.0009999999219872E-003
   8.0009999999219872E-003
   8.0009999999219872E-003
   8.0009999999219872E-003
   8.0009999999219872E-003
   8.0009999999219872E-003
   8.0009999999219872E-003
   8.0009999999219872E-003
   8.0009999999219872E-003
   8.0009999999219872E-003
   8.0009999999219872E-003
   8.0009999999219872E-003
   8.0009999999219872E-003
   8.0009999999219872E-003
   8.0009999999219872E-003
   8.0009999999219872E-003
   8.0009999999219872E-003
   8.0009999999219872E-003
   8.0009999999219872E-003
   8.0009999999219872E-003
   8.0009999999219872E-003
   8.0009999999219872E-003
   8.0009999999219872E-003
   8.0009999999219872E-003
   8.0009999999219872E-003
   8.0009999999219872E-003
   8.0009999999219872E-003
   8.0009999999219872E-003
   8.0009999999219872E-003
   8.0009999999219872E-003
   8.0009999999219872E-003
   8.0009999999219872E-003
   8.0009999999219872E-003
   8.0009999999219872E-003
   8.0009999999219872E-003
   8.0009999999219872E-003
   8.0009999999219872E-003
   8.0009999999219872E-003
   8.0009999999219872E-003
   8.0009999999219872E-003
   8.0009999999219872E-003
   8.0009999999219872E-003
   8.0009999999219872E-003
   8.0009999999219872E-003
   8.0009999999219872E-003
   8.0009999999219872E-003
   8.0009999999219872E-003
   8.0009999999219872E-003
   8.0009999999219872E-003
   8.0009999999219872E-003
   8.0009999999219872E-003
   8.0009999999219872E-003
   8.0009999999219872E-003
   8.0009999999219872E-003
   8.0009999999219872E-003
   8.0009999999219872E-003
   8.0009999999219872E-003
   8.0009999999219872E-003
   8.0009999999219872E-003
   8.0009999999219872E-003
   8.0009999999219872E-003
   8.0009999999219872E-003
   8.0009999999219872E-003
   8.0009999999219872E-003
   8.0009999999219872E-003
   8.0009999999219872E-003
   8.0009999999219872E-003
   8.0009999999219872E-003
   8.0009999999219872E-003
   8.0009999999219872E-003
   8.0009999999219872E-003
   8.0009999999219872E-003
   8.0009999999219872E-003
   8.0009999999219872E-003
   8.0009999999219872E-003
   8.0009999999219872E-003
   8.0009999999219872E-003
   8.0009999999219872E-003
   8.0009999999219872E-003
   8.0009999999219872E-003
   8.0009999999219872E-003
   8.0009999999219872E-003
   8.0009999999219872E-003
   8.0009999999219872E-003
   8.0009999999219872E-003
   8.0009999999219872E-003
   8.0009999999219872E-003
   8.0009999999219872E-003
   8.0009999999219872E-003
   8.0009999999219872E-003
   8.0009999999219872E-003
   8.0009999999219872E-003
   8.0009999999219872E-003
   8.0009999999219872E-003
   8.0009999999219872E-003
   8.0009999999219872E-003
   8.0009999999219872E-003
   8.0009999999219872E-003
   8.0009999999219872E-003
   8.0009999999219872E-003
   8.0009999999219872E-003
   8.0009999999219872E-003
   8.0009999999219872E-003
   8.0009999999219872E-003
   8.0009999999219872E-003
   8.0009999999219872E-003
   8.0009999999219872E-003
   8.0009999999219872E-003
   8.0009999999219872E-003
   8.0009999999219872E-003
   8.0009999999219872E-003
   8.0009999999219872E-003
   8.0009999999219872E-003
   8.0009999999219872E-003
   8.0009999999219872E-003
   8.0009999999219872E-003
   8.0009999999219872E-003
   8.0009999999219872E-003
   8.0009999999219872E-003
   8.0009999999219872E-003
   8.0009999999219872E-003
   8.0009999999219872E-003
   8.0009999999219872E-003
   8.0009999999219872E-003
   8.0009999999219872E-003
   8.0009999999219872E-003
   8.0009999999219872E-003
   8.0009999999219872E-003
   8.0009999999219872E-003
   8.0009999999219872E-003
   8.0009999999219872E-003
   8.0009999999219872E-003
   8.0009999999219872E-003
   8.0009999999219872E-003
   8.0009999999219872E-003
   8.0009999999219872E-003
   8.0009999999219872E-003
   8.0009999999219872E-003
   8.0009999999219872E-003
   8.0009999999219872E-003
   8.0009999999219872E-003
   8.0009999999219872E-003
   8.0009999999219872E-003
   8.0009999999219872E-003
   8.0009999999219872E-003
   8.0009999999219872E-003
   8.0009999999219872E-003
   8.0009999999219872E-003
   8.0009999999219872E-003
   8.0009999999219872E-003
   8.0009999999219872E-003
   8.0009999999219872E-003
   8.0009999999219872E-003
   8.0009999999219872E-003
   8.0009999999219872E-003
   8.0009999999219872E-003
   8.0009999999219872E-003
   8.0009999999219872E-003
   8.0009999999219872E-003
   8.0009999999219872E-003
   8.0009999999219872E-003
   8.0009999999219872E-003
   8.0009999999219872E-003
   8.0009999999219872E-003
   8.0009999999219872E-003
   8.0009999999219872E-003
   8.0009999999219872E-003
   8.0009999999219872E-003
   8.0009999999219872E-003
   8.0009999999219872E-003
   8.0009999999219872E-003
   8.0009999999219872E-003
   8.0009999999219872E-003
   8.0009999999219872E-003
   8.0009999999219872E-003
   8.0009999999219872E-003
   8.0009999999219872E-003
   8.0009999999219872E-003
   8.0009999999219872E-003
   8.0009999999219872E-003
   8.0009999999219872E-003
   8.0009999999219872E-003
   8.0009999999219872E-003
   8.0009999999219872E-003
   8.0009999999219872E-003
   8.0009999999219872E-003
   8.0009999999219872E-003
   8.0009999999219872E-003
   8.0009999999219872E-003
   8.0009999999219872E-003
   8.0009999999219872E-003
   8.0009999999219872E-003
   1.2001000000054773E-002
   1.2001000000054773E-002
   1.2001000000054773E-002
   1.2001000000054773E-002
   1.2001000000054773E-002
   1.2001000000054773E-002
   1.2001000000054773E-002
   1.2001000000054773E-002
   1.2001000000054773E-002
   1.2001000000054773E-002
   1.2001000000054773E-002
   1.2001000000054773E-002
   1.2001000000054773E-002
   1.2001000000054773E-002
   1.2001000000054773E-002
   1.2001000000054773E-002
   1.2001000000054773E-002
   1.2001000000054773E-002
   1.2001000000054773E-002
   1.2001000000054773E-002
   1.2001000000054773E-002
   1.2001000000054773E-002
   1.2001000000054773E-002
   1.2001000000054773E-002
   1.2001000000054773E-002
   1.2001000000054773E-002
   1.2001000000054773E-002
